image_name,Type_1,Type_2,Type_3
0.jpg,0.318687,0.676441,0.00487175
1.jpg,0.0331453,0.866395,0.10046
2.jpg,0.00281053,0.99666,0.000529069
3.jpg,0.00599095,0.194579,0.79943
4.jpg,0.0070608,0.221572,0.771367
5.jpg,0.806336,0.186935,0.0067282
6.jpg,0.289881,0.64761,0.0625086
7.jpg,0.0141619,0.488951,0.496887
8.jpg,0.592776,0.287337,0.119887
9.jpg,0.00890822,0.0725638,0.918528
10.jpg,0.391253,0.60442,0.00432663
11.jpg,0.00715045,0.133808,0.859042
12.jpg,0.00213907,0.234917,0.762944
13.jpg,0.0473096,0.213816,0.738874
14.jpg,0.00351883,0.988421,0.00806008
15.jpg,0.00144564,0.151592,0.846963
16.jpg,0.260433,0.508874,0.230693
17.jpg,0.937985,0.0569021,0.00511243
18.jpg,0.00366809,0.993444,0.00288835
19.jpg,0.00234843,0.034654,0.962998
20.jpg,0.984794,0.0119538,0.00325182
21.jpg,0.00498373,0.986475,0.00854145
22.jpg,0.0668256,0.83531,0.0978647
23.jpg,0.0118881,0.982119,0.00599316
24.jpg,0.0833142,0.883072,0.0336141
25.jpg,0.00877446,0.989853,0.00137205
26.jpg,0.772518,0.186645,0.0408369
27.jpg,0.00103296,0.190504,0.808463
28.jpg,0.00798081,0.95945,0.0325692
29.jpg,0.00381064,0.410864,0.585326
30.jpg,0.0187914,0.506743,0.474465
31.jpg,0.00770832,0.958509,0.0337828
32.jpg,0.215584,0.341065,0.443351
33.jpg,0.442534,0.504472,0.0529938
34.jpg,0.211135,0.565561,0.223304
35.jpg,0.000667637,0.945624,0.0537086
36.jpg,0.260342,0.722949,0.0167085
37.jpg,0.0196555,0.971346,0.00899804
38.jpg,0.02937,0.885562,0.0850681
39.jpg,0.0323726,0.668193,0.299434
40.jpg,0.0685183,0.335194,0.596288
41.jpg,0.0227588,0.848368,0.128873
42.jpg,0.0235677,0.721139,0.255293
43.jpg,0.000813089,0.983421,0.0157656
44.jpg,0.117022,0.725595,0.157383
45.jpg,0.00373186,0.989872,0.00639595
46.jpg,0.00512758,0.0996303,0.895242
47.jpg,0.88345,0.11365,0.00289992
48.jpg,0.0052469,0.480396,0.514357
49.jpg,0.00238026,0.0240066,0.973613
50.jpg,0.0236934,0.661464,0.314843
51.jpg,0.921893,0.0627077,0.0153992
52.jpg,0.0258468,0.313635,0.660519
53.jpg,0.0210153,0.127158,0.851827
54.jpg,0.0251951,0.157499,0.817306
55.jpg,0.03205,0.137782,0.830168
56.jpg,0.000741886,0.998585,0.000672834
57.jpg,0.0558693,0.328912,0.615218
58.jpg,0.0207368,0.248483,0.73078
59.jpg,0.814783,0.175489,0.00972756
60.jpg,0.0456125,0.28319,0.671198
61.jpg,0.0477553,0.941094,0.0111511
62.jpg,0.0236596,0.616364,0.359976
63.jpg,0.00933535,0.153174,0.83749
64.jpg,0.040318,0.804563,0.155118
65.jpg,0.970629,0.019027,0.0103442
66.jpg,0.00223576,0.114871,0.882894
67.jpg,0.00943815,0.0204183,0.970144
68.jpg,0.00544405,0.978928,0.0156276
69.jpg,0.0708266,0.916994,0.0121795
70.jpg,0.488977,0.508519,0.00250362
71.jpg,0.0446971,0.188202,0.767101
72.jpg,0.0357947,0.961956,0.00224974
73.jpg,0.142987,0.167676,0.689338
74.jpg,0.00363338,0.371725,0.624641
75.jpg,0.0163719,0.982601,0.00102683
76.jpg,0.00290823,0.0690451,0.928047
77.jpg,0.0593665,0.862297,0.0783365
78.jpg,0.00774328,0.0498023,0.942454
79.jpg,0.139368,0.837907,0.0227253
80.jpg,0.233591,0.0639611,0.702448
81.jpg,0.154225,0.550936,0.294839
82.jpg,0.577234,0.408292,0.0144736
83.jpg,0.0024956,0.0482269,0.949277
84.jpg,0.721509,0.269223,0.00926759
85.jpg,0.974116,0.0213616,0.00452277
86.jpg,0.0068636,0.525337,0.4678
87.jpg,0.0091511,0.0509981,0.939851
88.jpg,0.836749,0.0546339,0.108617
89.jpg,0.115333,0.241931,0.642736
90.jpg,0.0302601,0.952302,0.0174382
91.jpg,0.02657,0.961924,0.0115063
92.jpg,0.000815697,0.0245145,0.97467
93.jpg,0.208187,0.772496,0.0193174
94.jpg,0.0510903,0.891296,0.0576142
95.jpg,0.0171766,0.956875,0.0259481
96.jpg,0.254684,0.682768,0.0625476
97.jpg,0.284538,0.193387,0.522075
98.jpg,0.0778805,0.919395,0.00272465
99.jpg,0.00406324,0.968577,0.0273595
100.jpg,0.00346994,0.995824,0.00070619
101.jpg,0.0155801,0.977726,0.00669435
102.jpg,0.127171,0.409239,0.46359
103.jpg,0.0909418,0.864958,0.0440999
104.jpg,0.068979,0.875928,0.0550926
105.jpg,0.00101075,0.377806,0.621183
106.jpg,0.103701,0.702785,0.193514
107.jpg,0.00428479,0.232429,0.763286
108.jpg,0.00920829,0.297015,0.693777
109.jpg,0.00266939,0.0167419,0.980589
110.jpg,0.0087473,0.854573,0.136679
111.jpg,0.679023,0.232679,0.0882982
112.jpg,0.00265043,0.0597978,0.937552
113.jpg,0.0057483,0.325417,0.668834
114.jpg,0.00595394,0.192331,0.801715
115.jpg,0.000594389,0.998766,0.000639244
116.jpg,0.00370898,0.0190508,0.97724
117.jpg,0.809285,0.174413,0.0163025
118.jpg,0.00096236,0.0115309,0.987507
119.jpg,0.00653572,0.920999,0.0724656
120.jpg,0.00546424,0.989983,0.00455294
121.jpg,0.00238948,0.992661,0.00494971
122.jpg,0.00644562,0.108184,0.88537
123.jpg,0.847507,0.139001,0.0134916
124.jpg,0.00455712,0.0430454,0.952397
125.jpg,0.0096845,0.0274057,0.96291
126.jpg,0.00197269,0.997107,0.000920714
127.jpg,0.142236,0.40417,0.453594
128.jpg,0.00496991,0.99475,0.000280495
129.jpg,0.0651777,0.931469,0.00335357
130.jpg,0.668848,0.264746,0.0664055
131.jpg,0.0633756,0.662457,0.274167
132.jpg,0.340242,0.377765,0.281993
133.jpg,0.0083466,0.0551961,0.936457
134.jpg,0.00108419,0.997912,0.00100336
135.jpg,0.00937933,0.911187,0.0794334
136.jpg,0.112788,0.868737,0.0184756
137.jpg,0.0300333,0.929104,0.0408625
138.jpg,0.00819133,0.0514779,0.940331
139.jpg,0.00199196,0.996002,0.00200569
140.jpg,0.62666,0.270269,0.103071
141.jpg,0.0961576,0.194307,0.709535
142.jpg,0.907479,0.0872593,0.00526136
143.jpg,0.00294916,0.0283256,0.968725
144.jpg,0.0481841,0.951638,0.000177651
145.jpg,0.251984,0.198798,0.549218
146.jpg,0.00644437,0.980135,0.013421
147.jpg,0.00105006,0.997635,0.00131498
148.jpg,0.00912362,0.987022,0.00385446
149.jpg,0.339097,0.623384,0.0375185
150.jpg,0.192143,0.806104,0.0017532
151.jpg,0.0499522,0.747653,0.202395
152.jpg,0.00336263,0.988637,0.00800038
153.jpg,0.00135662,0.0121206,0.986523
154.jpg,0.992602,0.00610665,0.00129173
155.jpg,0.389657,0.582741,0.0276014
156.jpg,0.0174358,0.54489,0.437674
157.jpg,0.0261599,0.953694,0.0201456
158.jpg,0.00964076,0.13358,0.856779
159.jpg,0.0380257,0.598996,0.362978
160.jpg,0.0571182,0.715407,0.227475
161.jpg,0.0222832,0.0835859,0.894131
162.jpg,0.00791478,0.905436,0.0866491
163.jpg,0.0502989,0.941252,0.0084492
164.jpg,0.0182889,0.916869,0.0648427
165.jpg,0.943985,0.0519028,0.0041127
166.jpg,0.634897,0.345542,0.0195606
167.jpg,0.0269743,0.051376,0.92165
168.jpg,0.219025,0.753346,0.0276286
169.jpg,0.0456505,0.936725,0.0176243
170.jpg,0.0609836,0.24532,0.693696
171.jpg,0.117181,0.615066,0.267752
172.jpg,0.603592,0.328012,0.0683957
173.jpg,0.00456792,0.263289,0.732143
174.jpg,0.464353,0.508974,0.0266727
175.jpg,0.0240068,0.422425,0.553569
176.jpg,0.325156,0.368621,0.306222
177.jpg,0.00796819,0.988361,0.0036705
178.jpg,0.00697526,0.111434,0.881591
179.jpg,0.687447,0.289922,0.0226314
180.jpg,0.0032115,0.0568197,0.939969
181.jpg,0.063846,0.209579,0.726575
182.jpg,0.0315422,0.840024,0.128433
183.jpg,0.0299617,0.696829,0.273209
184.jpg,0.00416935,0.0154791,0.980352
185.jpg,0.120345,0.451792,0.427863
186.jpg,0.0527885,0.928134,0.0190779
187.jpg,0.0642882,0.188427,0.747285
188.jpg,0.0790423,0.505753,0.415205
189.jpg,0.798579,0.193229,0.00819178
190.jpg,0.00126396,0.997064,0.00167222
191.jpg,0.0576409,0.0919644,0.850395
192.jpg,0.00965342,0.0625873,0.927759
193.jpg,0.369075,0.187218,0.443707
194.jpg,0.00695173,0.103486,0.889562
195.jpg,0.00217026,0.991825,0.00600442
196.jpg,0.994948,0.00323293,0.00181906
197.jpg,0.490091,0.281957,0.227952
198.jpg,0.0387248,0.660186,0.301089
199.jpg,0.0025773,0.400011,0.597411
200.jpg,0.297634,0.298344,0.404022
201.jpg,0.242737,0.694712,0.0625512
202.jpg,0.00380599,0.129663,0.866531
203.jpg,0.0646804,0.753621,0.181699
204.jpg,0.0198586,0.118019,0.862123
205.jpg,0.00418298,0.0187375,0.97708
206.jpg,0.00669544,0.991893,0.00141172
207.jpg,0.133543,0.38853,0.477927
208.jpg,0.00691905,0.157974,0.835107
209.jpg,0.00114939,0.00733737,0.991513
210.jpg,0.244864,0.564849,0.190287
211.jpg,0.153677,0.830736,0.0155864
212.jpg,0.0352485,0.95869,0.00606176
213.jpg,0.0560154,0.204992,0.738993
214.jpg,0.0162634,0.977353,0.00638372
215.jpg,0.21518,0.762901,0.0219194
216.jpg,0.00285051,0.992529,0.00462005
217.jpg,0.264506,0.729681,0.00581299
218.jpg,0.0112719,0.859482,0.129246
219.jpg,0.0291795,0.536252,0.434568
220.jpg,0.301577,0.685953,0.0124697
221.jpg,0.00996858,0.642648,0.347383
222.jpg,0.11839,0.601552,0.280058
223.jpg,0.00570231,0.277154,0.717143
224.jpg,0.0143936,0.543296,0.442311
225.jpg,0.0126627,0.76673,0.220607
226.jpg,0.0387768,0.13386,0.827364
227.jpg,0.00706959,0.990819,0.00211163
228.jpg,0.00369195,0.984098,0.0122104
229.jpg,0.216079,0.532924,0.250997
230.jpg,0.110142,0.527574,0.362283
231.jpg,0.941768,0.0525377,0.00569439
232.jpg,0.171022,0.51521,0.313767
233.jpg,0.994117,0.00471997,0.00116354
234.jpg,0.0263386,0.0164959,0.957165
235.jpg,0.243421,0.745549,0.0110298
236.jpg,0.128938,0.391889,0.479173
237.jpg,0.00519908,0.186555,0.808246
238.jpg,0.0112068,0.474704,0.514089
239.jpg,0.00752525,0.991365,0.00110948
240.jpg,0.062623,0.621932,0.315445
241.jpg,0.715114,0.185695,0.0991909
242.jpg,0.0430267,0.903329,0.0536446
243.jpg,0.588115,0.401419,0.0104654
244.jpg,0.0852537,0.57751,0.337236
245.jpg,0.0071445,0.992326,0.000529422
246.jpg,0.00217612,0.987938,0.00988563
247.jpg,0.0183246,0.157769,0.823906
248.jpg,0.0220648,0.0198699,0.958065
249.jpg,0.202656,0.605793,0.191551
250.jpg,0.0256149,0.763899,0.210486
251.jpg,0.0115752,0.524633,0.463792
252.jpg,0.00449985,0.0211537,0.974347
253.jpg,0.0208743,0.926248,0.052878
254.jpg,0.00114645,0.0039158,0.994938
255.jpg,0.000452951,0.987789,0.0117581
256.jpg,0.026646,0.2864,0.686954
257.jpg,0.181454,0.775392,0.0431537
258.jpg,0.0136782,0.404148,0.582174
259.jpg,0.011727,0.430233,0.55804
260.jpg,0.0338888,0.926515,0.0395959
261.jpg,0.351288,0.451704,0.197008
262.jpg,0.00652159,0.986616,0.00686246
263.jpg,0.336503,0.660781,0.00271613
264.jpg,0.00125179,0.00656915,0.992179
265.jpg,0.0223175,0.0151749,0.962508
266.jpg,0.0175495,0.0244896,0.957961
267.jpg,0.406028,0.419695,0.174277
268.jpg,0.0627605,0.935718,0.00152162
269.jpg,0.641585,0.309724,0.0486913
270.jpg,0.00165931,0.0388319,0.959509
271.jpg,0.0413405,0.759793,0.198866
272.jpg,0.0226016,0.781434,0.195964
273.jpg,0.00984168,0.0462367,0.943922
274.jpg,0.384086,0.608917,0.00699754
275.jpg,0.0500336,0.13232,0.817647
276.jpg,0.00243113,0.211501,0.786068
277.jpg,0.243577,0.753416,0.00300689
278.jpg,0.0130659,0.0439507,0.942984
279.jpg,0.00487987,0.399889,0.595231
280.jpg,0.00579386,0.183243,0.810964
281.jpg,0.0125228,0.106087,0.88139
282.jpg,0.000631432,0.99658,0.00278889
283.jpg,0.00937351,0.0851918,0.905435
284.jpg,0.0437247,0.0481426,0.908133
285.jpg,0.11296,0.853534,0.0335064
286.jpg,0.00949765,0.426966,0.563536
287.jpg,0.00649773,0.0326793,0.960823
288.jpg,0.00532108,0.777825,0.216854
289.jpg,0.925417,0.0296197,0.0449628
290.jpg,0.00310832,0.993604,0.00328739
291.jpg,0.39875,0.584355,0.0168945
292.jpg,0.192307,0.272775,0.534918
293.jpg,0.38883,0.591215,0.019955
294.jpg,0.0483647,0.756138,0.195498
295.jpg,0.0166254,0.927495,0.0558799
296.jpg,0.48407,0.506688,0.0092413
297.jpg,0.553635,0.437874,0.00849064
298.jpg,0.0157664,0.0311429,0.953091
299.jpg,0.00989178,0.948856,0.0412518
300.jpg,0.00292659,0.99549,0.00158352
301.jpg,0.0193016,0.310152,0.670547
302.jpg,0.00842411,0.0350802,0.956496
303.jpg,0.332241,0.661105,0.00665442
304.jpg,0.853897,0.143604,0.00249925
305.jpg,0.0166615,0.922989,0.06035
306.jpg,0.81337,0.140405,0.0462249
307.jpg,0.00340559,0.00593476,0.99066
308.jpg,0.741072,0.255998,0.00293034
309.jpg,0.00368739,0.494387,0.501925
310.jpg,0.0156419,0.281727,0.702631
311.jpg,0.023536,0.0514005,0.925064
312.jpg,0.925371,0.0620615,0.0125679
313.jpg,0.00958916,0.0357161,0.954695
314.jpg,0.000977072,0.99699,0.00203248
315.jpg,0.232376,0.140842,0.626782
316.jpg,0.325876,0.250153,0.423971
317.jpg,0.804419,0.103384,0.0921972
318.jpg,0.00235015,0.995169,0.00248077
319.jpg,0.0023399,0.945107,0.0525534
320.jpg,0.307593,0.292183,0.400224
321.jpg,0.0288474,0.456667,0.514485
322.jpg,0.0366016,0.843212,0.120186
323.jpg,0.0434658,0.421593,0.534941
324.jpg,0.0873485,0.695084,0.217567
325.jpg,0.0986097,0.0939696,0.807421
326.jpg,0.000993019,0.0592968,0.93971
327.jpg,0.0773502,0.117809,0.804841
328.jpg,0.00418596,0.9579,0.0379143
329.jpg,0.0223514,0.928336,0.0493127
330.jpg,0.18083,0.807923,0.0112474
331.jpg,0.920346,0.0682605,0.0113933
332.jpg,0.0591195,0.371627,0.569254
333.jpg,0.0525792,0.0705367,0.876884
334.jpg,0.00645412,0.0662411,0.927305
335.jpg,0.0761126,0.19773,0.726158
336.jpg,0.909418,0.0792324,0.0113494
337.jpg,0.0194312,0.0661016,0.914467
338.jpg,0.0120007,0.978889,0.0091101
339.jpg,0.122151,0.421982,0.455867
340.jpg,0.0568733,0.889859,0.0532673
341.jpg,0.103907,0.761496,0.134598
342.jpg,0.00505378,0.0689138,0.926032
343.jpg,0.00191107,0.067724,0.930365
344.jpg,0.94807,0.0452063,0.00672412
345.jpg,0.0322885,0.955629,0.0120827
346.jpg,0.376777,0.497563,0.12566
347.jpg,0.0342188,0.962389,0.00339209
348.jpg,0.00667425,0.950702,0.0426235
349.jpg,0.0211402,0.77096,0.2079
350.jpg,0.00988731,0.149789,0.840323
351.jpg,0.076699,0.484795,0.438506
352.jpg,0.12674,0.214644,0.658617
353.jpg,0.000917366,0.0468834,0.952199
354.jpg,0.639776,0.358655,0.00156874
355.jpg,0.221061,0.596295,0.182645
356.jpg,0.985383,0.0111099,0.00350699
357.jpg,0.341767,0.414152,0.244081
358.jpg,0.0318693,0.879184,0.0889467
359.jpg,0.0296643,0.123975,0.846361
360.jpg,0.00264047,0.994289,0.00307036
361.jpg,0.137465,0.520738,0.341796
362.jpg,0.00103241,0.985568,0.0133997
363.jpg,0.0931584,0.349371,0.557471
364.jpg,0.0281856,0.101337,0.870478
365.jpg,0.294289,0.603674,0.102037
366.jpg,0.00611358,0.035753,0.958133
367.jpg,0.76471,0.216487,0.0188036
368.jpg,0.0572738,0.513184,0.429542
369.jpg,0.0908143,0.739464,0.169722
370.jpg,0.00524521,0.266997,0.727758
371.jpg,0.989584,0.00411934,0.00629659
372.jpg,0.00476358,0.0419172,0.953319
373.jpg,0.135746,0.76484,0.0994141
374.jpg,0.0919517,0.701518,0.20653
375.jpg,0.641853,0.280923,0.0772248
376.jpg,0.0964746,0.29051,0.613015
377.jpg,0.116003,0.872763,0.0112338
378.jpg,0.0336782,0.164517,0.801805
379.jpg,0.00489972,0.0385848,0.956516
380.jpg,0.0407455,0.368383,0.590872
381.jpg,0.0334155,0.949011,0.0175735
382.jpg,0.978514,0.0138591,0.0076271
383.jpg,0.287096,0.672115,0.0407891
384.jpg,0.00289253,0.755964,0.241143
385.jpg,0.0397147,0.214677,0.745609
386.jpg,0.00056154,0.00343352,0.996005
387.jpg,0.00294886,0.0224678,0.974583
388.jpg,0.0076272,0.236968,0.755405
389.jpg,0.0235071,0.974318,0.00217448
390.jpg,0.090666,0.102582,0.806752
391.jpg,0.00194251,0.981006,0.0170518
392.jpg,0.0235923,0.960239,0.0161683
393.jpg,0.706507,0.24349,0.0500036
394.jpg,0.0271491,0.639573,0.333278
395.jpg,0.000553686,0.998319,0.00112751
396.jpg,0.0569047,0.410975,0.532121
397.jpg,0.0254704,0.972179,0.00235096
398.jpg,0.00405919,0.837096,0.158845
399.jpg,0.0235765,0.322033,0.654391
400.jpg,0.0123759,0.142521,0.845103
401.jpg,0.0274604,0.833437,0.139102
402.jpg,0.939494,0.0264948,0.0340108
403.jpg,0.549154,0.430868,0.0199776
404.jpg,0.0858893,0.890986,0.0231249
405.jpg,0.00312638,0.996561,0.000313013
406.jpg,0.252358,0.656716,0.0909264
407.jpg,0.0436704,0.955104,0.0012254
408.jpg,0.0098974,0.666769,0.323334
409.jpg,0.00907991,0.0388573,0.952063
410.jpg,0.1686,0.163322,0.668078
411.jpg,0.0755423,0.522301,0.402157
412.jpg,0.0760045,0.320508,0.603488
413.jpg,0.0136528,0.137644,0.848703
414.jpg,0.00337939,0.017836,0.978785
415.jpg,0.00857922,0.986709,0.00471138
416.jpg,0.855677,0.11847,0.0258531
417.jpg,0.253222,0.734047,0.0127301
418.jpg,0.000567851,0.0292648,0.970167
419.jpg,0.989302,0.00993586,0.000762006
420.jpg,0.00482392,0.0946334,0.900543
421.jpg,0.0229614,0.951261,0.0257778
422.jpg,0.0111778,0.0257964,0.963026
423.jpg,0.00153152,0.0311917,0.967277
424.jpg,0.071368,0.155376,0.773256
425.jpg,0.00160798,0.0157066,0.982685
426.jpg,0.226627,0.730182,0.0431906
427.jpg,0.00379965,0.119373,0.876828
428.jpg,0.000811877,0.0226418,0.976546
429.jpg,0.0112387,0.0293742,0.959387
430.jpg,0.147636,0.421698,0.430666
431.jpg,0.912372,0.0820025,0.00562505
432.jpg,0.00170229,0.00966015,0.988638
433.jpg,0.0215632,0.109028,0.869409
434.jpg,0.0967848,0.890115,0.0131004
435.jpg,0.00455179,0.102234,0.893214
436.jpg,0.17664,0.814528,0.00883236
437.jpg,0.276171,0.70151,0.0223194
438.jpg,0.00325153,0.995549,0.00119978
439.jpg,0.0828631,0.367362,0.549775
440.jpg,0.00992042,0.159897,0.830183
441.jpg,0.00603162,0.803168,0.1908
442.jpg,0.0202438,0.974461,0.00529509
443.jpg,0.0225349,0.144174,0.833291
444.jpg,0.0272394,0.0675927,0.905168
445.jpg,0.0542152,0.70001,0.245775
446.jpg,0.930249,0.039375,0.0303762
447.jpg,0.0919411,0.697935,0.210124
448.jpg,0.00375158,0.657527,0.338722
449.jpg,0.912102,0.0826974,0.00520069
450.jpg,0.012584,0.1656,0.821816
451.jpg,0.437407,0.417499,0.145094
452.jpg,0.00778451,0.0578703,0.934345
453.jpg,0.75974,0.238134,0.00212609
454.jpg,0.47444,0.46665,0.0589105
455.jpg,0.0260862,0.389959,0.583955
456.jpg,0.232327,0.759025,0.00864729
457.jpg,0.872047,0.124449,0.00350499
458.jpg,0.00864027,0.868351,0.123009
459.jpg,0.0473765,0.947605,0.00501842
460.jpg,0.570586,0.301259,0.128155
461.jpg,0.0216492,0.688275,0.290076
462.jpg,0.00405304,0.992275,0.00367172
463.jpg,0.17483,0.717972,0.107198
464.jpg,0.0953574,0.902458,0.00218459
465.jpg,0.00084067,0.992695,0.00646445
466.jpg,0.140782,0.723262,0.135956
467.jpg,0.585293,0.355029,0.059678
468.jpg,0.0228388,0.975025,0.00213571
469.jpg,0.0133614,0.962314,0.024325
470.jpg,0.0335923,0.845041,0.121367
471.jpg,0.0030798,0.993972,0.00294852
472.jpg,0.0627636,0.531677,0.40556
473.jpg,0.0735086,0.140881,0.785611
474.jpg,0.0499882,0.940204,0.00980801
475.jpg,0.000914656,0.998124,0.000960965
476.jpg,0.00287897,0.935682,0.0614391
477.jpg,0.863365,0.134778,0.00185639
478.jpg,0.0119979,0.932718,0.055284
479.jpg,0.0149405,0.90701,0.0780498
480.jpg,0.00990978,0.987173,0.00291751
481.jpg,0.0412734,0.124058,0.834668
482.jpg,0.433262,0.5483,0.0184375
483.jpg,0.870474,0.119245,0.0102809
484.jpg,0.499296,0.380972,0.119732
485.jpg,0.00125706,0.00749931,0.991244
486.jpg,0.0582846,0.816129,0.125586
487.jpg,0.278621,0.700186,0.0211922
488.jpg,0.0108287,0.967569,0.0216026
489.jpg,0.299713,0.517471,0.182816
490.jpg,0.0878755,0.86279,0.049334
491.jpg,0.0827123,0.388102,0.529186
492.jpg,0.92175,0.0485169,0.0297334
493.jpg,0.460104,0.395483,0.144413
494.jpg,0.138652,0.235191,0.626157
495.jpg,0.0246964,0.94195,0.0333537
496.jpg,0.0127193,0.703572,0.283709
497.jpg,0.752909,0.206805,0.0402857
498.jpg,0.122612,0.607012,0.270377
499.jpg,0.0014296,0.366928,0.631642
500.jpg,0.0746355,0.680661,0.244703
501.jpg,0.748211,0.219212,0.0325768
502.jpg,0.0801642,0.119501,0.800335
503.jpg,0.0112013,0.302158,0.686641
504.jpg,0.00476783,0.0749933,0.920239
505.jpg,0.0151742,0.946329,0.0384968
506.jpg,0.238533,0.740013,0.0214541
507.jpg,0.394478,0.386204,0.219318
508.jpg,0.0179842,0.120709,0.861307
509.jpg,0.00891229,0.986495,0.00459223
510.jpg,0.0889057,0.17022,0.740875
511.jpg,0.0202861,0.0441583,0.935556
