image_name,Type_1,Type_2,Type_3
0.jpg,0.336159,0.647209,0.0166325
1.jpg,0.0926864,0.659637,0.247677
2.jpg,0.0260253,0.969354,0.00462047
3.jpg,0.0305357,0.307541,0.661923
4.jpg,0.0477864,0.386984,0.56523
5.jpg,0.212106,0.779885,0.00800891
6.jpg,0.425615,0.474602,0.0997822
7.jpg,0.0574011,0.370675,0.571924
8.jpg,0.377255,0.400002,0.222742
9.jpg,0.0322706,0.260518,0.707212
10.jpg,0.66671,0.322878,0.0104118
11.jpg,0.0204475,0.273905,0.705647
12.jpg,0.0117605,0.483777,0.504463
13.jpg,0.0415493,0.288105,0.670345
14.jpg,0.0292819,0.935106,0.0356117
15.jpg,0.00396385,0.136859,0.859177
16.jpg,0.215146,0.492924,0.29193
17.jpg,0.854134,0.125849,0.0200172
18.jpg,0.0807387,0.906677,0.0125841
19.jpg,0.00616405,0.0688806,0.924955
20.jpg,0.939311,0.0462398,0.0144496
21.jpg,0.0596377,0.928022,0.0123399
22.jpg,0.115254,0.765064,0.119682
23.jpg,0.190129,0.763588,0.0462835
24.jpg,0.389283,0.528233,0.0824841
25.jpg,0.0806244,0.911326,0.00805007
26.jpg,0.661541,0.299131,0.0393286
27.jpg,0.00613038,0.213244,0.780626
28.jpg,0.039441,0.910112,0.0504471
29.jpg,0.0160412,0.511734,0.472225
30.jpg,0.109535,0.66111,0.229355
31.jpg,0.0637041,0.889549,0.0467473
32.jpg,0.160474,0.506944,0.332582
33.jpg,0.348937,0.529105,0.121958
34.jpg,0.289337,0.510144,0.200519
35.jpg,0.00948955,0.916981,0.073529
36.jpg,0.22944,0.743501,0.0270591
37.jpg,0.219724,0.758325,0.0219515
38.jpg,0.0552695,0.888718,0.0560126
39.jpg,0.14676,0.603711,0.249529
40.jpg,0.126422,0.417678,0.4559
41.jpg,0.0432119,0.501948,0.45484
42.jpg,0.0668344,0.45237,0.480795
43.jpg,0.0134922,0.561207,0.425301
44.jpg,0.16798,0.48344,0.34858
45.jpg,0.0261877,0.896805,0.0770075
46.jpg,0.0310109,0.276734,0.692255
47.jpg,0.613083,0.371868,0.0150485
48.jpg,0.013595,0.397633,0.588772
49.jpg,0.0117997,0.101469,0.886731
50.jpg,0.0509683,0.672409,0.276623
51.jpg,0.834063,0.143054,0.022883
52.jpg,0.0317672,0.273438,0.694794
53.jpg,0.0745451,0.226008,0.699447
54.jpg,0.0494093,0.318028,0.632562
55.jpg,0.06504,0.169521,0.765439
56.jpg,0.0241751,0.959481,0.0163436
57.jpg,0.247992,0.678776,0.0732319
58.jpg,0.0742475,0.292212,0.63354
59.jpg,0.643301,0.327931,0.0287677
60.jpg,0.0718184,0.40855,0.519631
61.jpg,0.110186,0.870897,0.0189172
62.jpg,0.063745,0.78724,0.149015
63.jpg,0.0211734,0.289104,0.689723
64.jpg,0.161526,0.805441,0.033033
65.jpg,0.891234,0.0791987,0.0295674
66.jpg,0.0150858,0.38987,0.595044
67.jpg,0.0157334,0.0581748,0.926092
68.jpg,0.0258036,0.903616,0.0705805
69.jpg,0.23501,0.726603,0.0383876
70.jpg,0.772262,0.222714,0.00502407
71.jpg,0.119141,0.43296,0.447899
72.jpg,0.0552115,0.935909,0.00887955
73.jpg,0.128977,0.425963,0.44506
74.jpg,0.0156396,0.324561,0.659799
75.jpg,0.159492,0.829591,0.0109166
76.jpg,0.0127747,0.152894,0.834331
77.jpg,0.102523,0.764653,0.132824
78.jpg,0.0434803,0.178509,0.778011
79.jpg,0.113145,0.856765,0.0300898
80.jpg,0.341859,0.191622,0.466519
81.jpg,0.099544,0.812929,0.0875269
82.jpg,0.403703,0.571509,0.0247877
83.jpg,0.0165291,0.169628,0.813843
84.jpg,0.45001,0.524418,0.0255721
85.jpg,0.842084,0.129485,0.0284319
86.jpg,0.0246307,0.417993,0.557377
87.jpg,0.0255724,0.100974,0.873453
88.jpg,0.716031,0.197222,0.0867476
89.jpg,0.178497,0.356623,0.46488
90.jpg,0.150001,0.799359,0.0506399
91.jpg,0.197618,0.780522,0.0218598
92.jpg,0.00344267,0.0510305,0.945527
93.jpg,0.229971,0.701302,0.0687263
94.jpg,0.231429,0.677218,0.0913532
95.jpg,0.0370337,0.877422,0.0855441
96.jpg,0.148785,0.759384,0.0918312
97.jpg,0.258305,0.30294,0.438755
98.jpg,0.180182,0.813014,0.00680387
99.jpg,0.0834756,0.665197,0.251328
100.jpg,0.0445682,0.95188,0.00355215
101.jpg,0.0718373,0.890056,0.0381062
102.jpg,0.184255,0.470909,0.344836
103.jpg,0.14231,0.770844,0.0868457
104.jpg,0.145971,0.742826,0.111203
105.jpg,0.00808541,0.392765,0.599149
106.jpg,0.141694,0.724313,0.133993
107.jpg,0.00456323,0.0931584,0.902278
108.jpg,0.0564409,0.333878,0.609681
109.jpg,0.00682935,0.0727065,0.920464
110.jpg,0.0430061,0.78464,0.172354
111.jpg,0.406634,0.400475,0.192891
112.jpg,0.00570904,0.186626,0.807665
113.jpg,0.0255784,0.469153,0.505269
114.jpg,0.0174117,0.19407,0.788518
115.jpg,0.0029442,0.991181,0.00587505
116.jpg,0.00997991,0.0764347,0.913585
117.jpg,0.500327,0.465413,0.0342593
118.jpg,0.00209029,0.0487396,0.94917
119.jpg,0.0530548,0.890158,0.0567869
120.jpg,0.0249956,0.966359,0.00864556
121.jpg,0.0506973,0.921753,0.0275492
122.jpg,0.0271385,0.174993,0.797869
123.jpg,0.363098,0.620114,0.0167881
124.jpg,0.0176613,0.112093,0.870246
125.jpg,0.0126454,0.119362,0.867992
126.jpg,0.0548463,0.93005,0.0151038
127.jpg,0.196268,0.33494,0.468792
128.jpg,0.268428,0.723725,0.00784776
129.jpg,0.0624682,0.932569,0.00496314
130.jpg,0.523258,0.400289,0.0764531
131.jpg,0.0956846,0.425938,0.478378
132.jpg,0.17681,0.486401,0.336789
133.jpg,0.0105683,0.145696,0.843735
134.jpg,0.0329817,0.944402,0.0226159
135.jpg,0.0789715,0.7472,0.173828
136.jpg,0.281684,0.686943,0.0313731
137.jpg,0.188545,0.691914,0.119541
138.jpg,0.0468234,0.16167,0.791507
139.jpg,0.0476603,0.948052,0.0042882
140.jpg,0.292451,0.635376,0.0721739
141.jpg,0.115197,0.263786,0.621017
142.jpg,0.810018,0.166839,0.0231429
143.jpg,0.00746231,0.0933113,0.899226
144.jpg,0.294183,0.704132,0.00168571
145.jpg,0.29701,0.366593,0.336397
146.jpg,0.0215146,0.948196,0.0302899
147.jpg,0.0126645,0.96311,0.0242254
148.jpg,0.228516,0.737528,0.0339562
149.jpg,0.270522,0.621626,0.107851
150.jpg,0.445252,0.551531,0.00321643
151.jpg,0.218844,0.387323,0.393833
152.jpg,0.0580061,0.84504,0.096954
153.jpg,0.0030397,0.0432013,0.953759
154.jpg,0.943705,0.048882,0.00741256
155.jpg,0.27065,0.704939,0.024411
156.jpg,0.0286728,0.433563,0.537764
157.jpg,0.381489,0.56962,0.0488911
158.jpg,0.034636,0.150655,0.814709
159.jpg,0.17171,0.562553,0.265737
160.jpg,0.166261,0.562869,0.27087
161.jpg,0.0293505,0.131807,0.838843
162.jpg,0.0168978,0.59498,0.388122
163.jpg,0.396282,0.59224,0.0114776
164.jpg,0.0405765,0.616603,0.342821
165.jpg,0.881082,0.111117,0.00780056
166.jpg,0.330262,0.638307,0.0314309
167.jpg,0.034891,0.0940175,0.871092
168.jpg,0.324784,0.630174,0.045042
169.jpg,0.0886732,0.887093,0.0242335
170.jpg,0.0455426,0.436826,0.517631
171.jpg,0.165889,0.431207,0.402905
172.jpg,0.304989,0.513291,0.18172
173.jpg,0.0374284,0.393166,0.569406
174.jpg,0.545538,0.407429,0.0470323
175.jpg,0.0754641,0.416315,0.508221
176.jpg,0.295233,0.458254,0.246513
177.jpg,0.10293,0.879019,0.018051
178.jpg,0.0511017,0.262034,0.686864
179.jpg,0.497223,0.449176,0.0536012
180.jpg,0.0161759,0.125128,0.858696
181.jpg,0.169279,0.534746,0.295975
182.jpg,0.124752,0.607983,0.267265
183.jpg,0.096677,0.795662,0.107661
184.jpg,0.00651684,0.0488964,0.944587
185.jpg,0.0934969,0.805227,0.101276
186.jpg,0.069503,0.756192,0.174305
187.jpg,0.0902651,0.349237,0.560498
188.jpg,0.135997,0.466865,0.397138
189.jpg,0.550818,0.429833,0.0193495
190.jpg,0.0155844,0.961677,0.0227385
191.jpg,0.0987116,0.232893,0.668396
192.jpg,0.0173396,0.135161,0.847499
193.jpg,0.296342,0.516744,0.186914
194.jpg,0.0304131,0.228901,0.740686
195.jpg,0.0463045,0.824192,0.129503
196.jpg,0.918486,0.0723491,0.00916508
197.jpg,0.383807,0.497035,0.119158
198.jpg,0.121281,0.411821,0.466898
199.jpg,0.00692076,0.655785,0.337294
200.jpg,0.119327,0.421953,0.45872
201.jpg,0.348458,0.623365,0.028177
202.jpg,0.0144675,0.231919,0.753614
203.jpg,0.279915,0.47916,0.240925
204.jpg,0.0334451,0.18732,0.779235
205.jpg,0.0158862,0.0596443,0.924469
206.jpg,0.0674764,0.90394,0.0285834
207.jpg,0.111753,0.374035,0.514212
208.jpg,0.0214265,0.175624,0.802949
209.jpg,0.00621752,0.0825579,0.911225
210.jpg,0.132634,0.503239,0.364127
211.jpg,0.084379,0.902623,0.0129979
212.jpg,0.0837444,0.904255,0.0120006
213.jpg,0.0822303,0.190932,0.726838
214.jpg,0.0445766,0.916732,0.038691
215.jpg,0.133995,0.841371,0.0246339
216.jpg,0.0562198,0.915906,0.0278739
217.jpg,0.240505,0.748917,0.0105784
218.jpg,0.0390895,0.75276,0.20815
219.jpg,0.0839019,0.588477,0.327621
220.jpg,0.188232,0.766896,0.0448725
221.jpg,0.0401149,0.48627,0.473616
222.jpg,0.153746,0.443135,0.403119
223.jpg,0.00820948,0.2799,0.71189
224.jpg,0.0229482,0.357135,0.619916
225.jpg,0.0357201,0.749585,0.214695
226.jpg,0.0946415,0.245083,0.660276
227.jpg,0.0970195,0.868376,0.0346043
228.jpg,0.0446769,0.90511,0.0502132
229.jpg,0.163866,0.773341,0.0627937
230.jpg,0.149269,0.539283,0.311448
231.jpg,0.815527,0.154342,0.0301314
232.jpg,0.177899,0.60277,0.219331
233.jpg,0.948875,0.0467349,0.00439029
234.jpg,0.0400474,0.0548912,0.905061
235.jpg,0.224103,0.740748,0.0351487
236.jpg,0.197754,0.449679,0.352567
237.jpg,0.0200923,0.235877,0.74403
238.jpg,0.0199061,0.793065,0.187029
239.jpg,0.0159796,0.980151,0.00386918
240.jpg,0.146561,0.370508,0.482931
241.jpg,0.581684,0.347554,0.0707621
242.jpg,0.128674,0.695837,0.175489
243.jpg,0.846261,0.139542,0.0141961
244.jpg,0.0672513,0.784305,0.148444
245.jpg,0.110717,0.885132,0.0041513
246.jpg,0.0100675,0.964264,0.025668
247.jpg,0.0525317,0.206611,0.740858
248.jpg,0.0283679,0.0541297,0.917502
249.jpg,0.170127,0.560121,0.269752
250.jpg,0.0608191,0.802258,0.136923
251.jpg,0.0361627,0.835795,0.128043
252.jpg,0.0102904,0.0893356,0.900374
253.jpg,0.113848,0.725707,0.160445
254.jpg,0.00413717,0.0325104,0.963353
255.jpg,0.0102509,0.931336,0.058413
256.jpg,0.0721148,0.445302,0.482583
257.jpg,0.400493,0.50152,0.0979864
258.jpg,0.0441496,0.4198,0.536051
259.jpg,0.0312243,0.449902,0.518874
260.jpg,0.0483841,0.905545,0.0460711
261.jpg,0.363337,0.529667,0.106996
262.jpg,0.0580977,0.915464,0.026438
263.jpg,0.199593,0.786984,0.0134226
264.jpg,0.0063662,0.0679253,0.925709
265.jpg,0.0273846,0.0414215,0.931194
266.jpg,0.0162828,0.104796,0.878921
267.jpg,0.292282,0.499458,0.20826
268.jpg,0.434192,0.55357,0.0122385
269.jpg,0.572603,0.399225,0.0281714
270.jpg,0.0099777,0.128866,0.861156
271.jpg,0.157417,0.502337,0.340246
272.jpg,0.0348604,0.783612,0.181528
273.jpg,0.0145166,0.133975,0.851508
274.jpg,0.461333,0.522576,0.0160913
275.jpg,0.0502438,0.192019,0.757737
276.jpg,0.00992976,0.326488,0.663582
277.jpg,0.319918,0.665787,0.0142943
278.jpg,0.0259191,0.108262,0.865819
279.jpg,0.0156154,0.292538,0.691847
280.jpg,0.0314978,0.744091,0.224411
281.jpg,0.0347611,0.197797,0.767442
282.jpg,0.0248068,0.969518,0.0056747
283.jpg,0.019638,0.116978,0.863384
284.jpg,0.0544284,0.103139,0.842432
285.jpg,0.31006,0.664554,0.0253854
286.jpg,0.0312135,0.350725,0.618062
287.jpg,0.0219071,0.128749,0.849344
288.jpg,0.0160006,0.733441,0.250558
289.jpg,0.793362,0.116429,0.0902094
290.jpg,0.0318315,0.871208,0.0969604
291.jpg,0.215858,0.76729,0.0168521
292.jpg,0.197185,0.360656,0.442159
293.jpg,0.271192,0.664583,0.0642251
294.jpg,0.178132,0.750131,0.0717375
295.jpg,0.0489065,0.88029,0.0708032
296.jpg,0.271293,0.697023,0.0316846
297.jpg,0.412989,0.555716,0.0312948
298.jpg,0.0399532,0.131214,0.828833
299.jpg,0.0541983,0.909109,0.0366931
300.jpg,0.0559831,0.93151,0.0125068
301.jpg,0.0531356,0.271073,0.675792
302.jpg,0.0121459,0.107613,0.880241
303.jpg,0.497573,0.489856,0.0125708
304.jpg,0.747776,0.244013,0.00821081
305.jpg,0.0281879,0.892481,0.0793306
306.jpg,0.68687,0.289391,0.0237393
307.jpg,0.003347,0.0373935,0.95926
308.jpg,0.508638,0.486936,0.00442564
309.jpg,0.0149052,0.2457,0.739394
310.jpg,0.028666,0.366755,0.604579
311.jpg,0.0548382,0.136343,0.808819
312.jpg,0.354871,0.593101,0.0520279
313.jpg,0.0235791,0.118141,0.85828
314.jpg,0.0288293,0.954463,0.0167079
315.jpg,0.223152,0.577583,0.199264
316.jpg,0.401682,0.421902,0.176416
317.jpg,0.559188,0.317008,0.123804
318.jpg,0.017938,0.97104,0.0110221
319.jpg,0.00338387,0.912946,0.0836699
320.jpg,0.529634,0.347871,0.122495
321.jpg,0.0680671,0.452826,0.479107
322.jpg,0.0933054,0.760935,0.145759
323.jpg,0.122478,0.444176,0.433346
324.jpg,0.14567,0.649538,0.204792
325.jpg,0.179614,0.263484,0.556903
326.jpg,0.00589113,0.134486,0.859623
327.jpg,0.0910872,0.146845,0.762068
328.jpg,0.0540769,0.866941,0.0789823
329.jpg,0.0380227,0.794764,0.167213
330.jpg,0.300517,0.68182,0.0176628
331.jpg,0.689339,0.261751,0.0489095
332.jpg,0.179977,0.429733,0.39029
333.jpg,0.105502,0.25013,0.644367
334.jpg,0.0226547,0.119124,0.858221
335.jpg,0.203007,0.286982,0.510011
336.jpg,0.737462,0.241772,0.0207655
337.jpg,0.0334733,0.12359,0.842937
338.jpg,0.125298,0.809592,0.0651102
339.jpg,0.170557,0.499559,0.329885
340.jpg,0.195878,0.744301,0.0598213
341.jpg,0.168341,0.722606,0.109053
342.jpg,0.0331327,0.2475,0.719367
343.jpg,0.00980347,0.124117,0.866079
344.jpg,0.756045,0.230178,0.0137772
345.jpg,0.11452,0.830473,0.055007
346.jpg,0.255111,0.627324,0.117566
347.jpg,0.113834,0.869495,0.0166708
348.jpg,0.0299025,0.61838,0.351718
349.jpg,0.0485227,0.758415,0.193063
350.jpg,0.0416376,0.240268,0.718094
351.jpg,0.0859798,0.464698,0.449323
352.jpg,0.246102,0.425067,0.328831
353.jpg,0.00445911,0.0398866,0.955654
354.jpg,0.758101,0.237792,0.00410731
355.jpg,0.528088,0.388148,0.0837636
356.jpg,0.776059,0.201234,0.0227071
357.jpg,0.193529,0.431949,0.374522
358.jpg,0.0460157,0.810817,0.143167
359.jpg,0.0694228,0.362599,0.567978
360.jpg,0.0147164,0.974647,0.0106364
361.jpg,0.129469,0.308141,0.56239
362.jpg,0.0174962,0.752373,0.230131
363.jpg,0.195053,0.36141,0.443536
364.jpg,0.0357888,0.380593,0.583619
365.jpg,0.252595,0.581052,0.166353
366.jpg,0.0219421,0.117716,0.860342
367.jpg,0.399559,0.548877,0.0515641
368.jpg,0.102156,0.564323,0.333521
369.jpg,0.0562631,0.792785,0.150952
370.jpg,0.0196837,0.573003,0.407313
371.jpg,0.938795,0.0454955,0.0157094
372.jpg,0.0265504,0.170522,0.802928
373.jpg,0.119326,0.834773,0.0459003
374.jpg,0.19756,0.588932,0.213508
375.jpg,0.446062,0.525526,0.0284112
376.jpg,0.0976626,0.412677,0.489661
377.jpg,0.127752,0.830412,0.0418363
378.jpg,0.0178277,0.315053,0.66712
379.jpg,0.00705934,0.0960761,0.896865
380.jpg,0.0869685,0.506212,0.40682
381.jpg,0.112483,0.798131,0.0893856
382.jpg,0.887065,0.103075,0.00985926
383.jpg,0.449999,0.417657,0.132345
384.jpg,0.0251086,0.366566,0.608325
385.jpg,0.119837,0.238457,0.641706
386.jpg,0.00383908,0.026678,0.969483
387.jpg,0.0128711,0.0972339,0.889895
388.jpg,0.024098,0.28509,0.690812
389.jpg,0.185801,0.793737,0.0204626
390.jpg,0.358216,0.272605,0.369179
391.jpg,0.0328411,0.777089,0.19007
392.jpg,0.0549731,0.922656,0.0223707
393.jpg,0.43483,0.442524,0.122646
394.jpg,0.103267,0.51467,0.382063
395.jpg,0.0458989,0.931771,0.0223302
396.jpg,0.146532,0.475507,0.377961
397.jpg,0.388407,0.600818,0.0107748
398.jpg,0.0322429,0.474769,0.492988
399.jpg,0.0673674,0.44677,0.485863
400.jpg,0.0212061,0.387396,0.591398
401.jpg,0.0996717,0.500103,0.400225
402.jpg,0.835179,0.0986365,0.0661844
403.jpg,0.487742,0.498343,0.0139149
404.jpg,0.139742,0.790455,0.0698029
405.jpg,0.0485822,0.948636,0.00278179
406.jpg,0.245176,0.548176,0.206649
407.jpg,0.481863,0.512959,0.00517783
408.jpg,0.0772255,0.435546,0.487229
409.jpg,0.0171598,0.113655,0.869185
410.jpg,0.234777,0.444384,0.320839
411.jpg,0.0429469,0.715917,0.241136
412.jpg,0.107796,0.511132,0.381072
413.jpg,0.0243921,0.243734,0.731874
414.jpg,0.00750116,0.0430296,0.949469
415.jpg,0.0364063,0.953611,0.00998234
416.jpg,0.482423,0.482243,0.0353336
417.jpg,0.37615,0.604758,0.0190921
418.jpg,0.00508367,0.143722,0.851194
419.jpg,0.84334,0.147758,0.00890213
420.jpg,0.035529,0.33603,0.628441
421.jpg,0.0622179,0.86215,0.0756316
422.jpg,0.00729008,0.0502646,0.942445
423.jpg,0.00831182,0.0659785,0.92571
424.jpg,0.0645397,0.20186,0.7336
425.jpg,0.00656758,0.0602885,0.933144
426.jpg,0.169778,0.705719,0.124503
427.jpg,0.0173903,0.242167,0.740443
428.jpg,0.00983447,0.11556,0.874606
429.jpg,0.0262459,0.0860656,0.887689
430.jpg,0.163125,0.634063,0.202812
431.jpg,0.805863,0.179896,0.0142409
432.jpg,0.00928844,0.0771459,0.913566
433.jpg,0.0891571,0.271595,0.639248
434.jpg,0.103098,0.872467,0.0244347
435.jpg,0.0119682,0.251721,0.736311
436.jpg,0.0725833,0.912962,0.0144543
437.jpg,0.410863,0.569375,0.0197626
438.jpg,0.0344333,0.945802,0.0197646
439.jpg,0.0927371,0.584346,0.322917
440.jpg,0.0293591,0.239402,0.731239
441.jpg,0.02153,0.877423,0.101047
442.jpg,0.0833232,0.8999,0.0167766
443.jpg,0.0604525,0.223752,0.715795
444.jpg,0.0403527,0.182584,0.777063
445.jpg,0.0924058,0.749882,0.157712
446.jpg,0.689367,0.235425,0.0752085
447.jpg,0.117978,0.518854,0.363168
448.jpg,0.0126556,0.172623,0.814722
449.jpg,0.557401,0.400647,0.0419518
450.jpg,0.0641761,0.295961,0.639862
451.jpg,0.262524,0.580215,0.157262
452.jpg,0.01007,0.101314,0.888616
453.jpg,0.528332,0.463835,0.00783327
454.jpg,0.434365,0.438821,0.126815
455.jpg,0.109268,0.530366,0.360366
456.jpg,0.27005,0.71121,0.0187401
457.jpg,0.607439,0.383994,0.008567
458.jpg,0.0382418,0.888263,0.073495
459.jpg,0.0688168,0.923327,0.00785599
460.jpg,0.525763,0.4114,0.0628363
461.jpg,0.0713808,0.60176,0.32686
462.jpg,0.0336019,0.932962,0.0334363
463.jpg,0.212692,0.603348,0.18396
464.jpg,0.121074,0.872402,0.00652387
465.jpg,0.0259539,0.911026,0.0630196
466.jpg,0.200677,0.662487,0.136836
467.jpg,0.525365,0.39996,0.0746752
468.jpg,0.230956,0.7564,0.0126435
469.jpg,0.0635158,0.872356,0.0641288
470.jpg,0.235723,0.71977,0.0445069
471.jpg,0.141915,0.831788,0.026298
472.jpg,0.106664,0.60238,0.290956
473.jpg,0.130417,0.294634,0.574949
474.jpg,0.32133,0.572555,0.106114
475.jpg,0.162093,0.822426,0.0154814
476.jpg,0.0115159,0.926105,0.0623794
477.jpg,0.621749,0.368961,0.00928992
478.jpg,0.0824753,0.689155,0.228369
479.jpg,0.0785659,0.842278,0.0791563
480.jpg,0.071669,0.913513,0.014818
481.jpg,0.059569,0.167096,0.773335
482.jpg,0.667955,0.296632,0.0354122
483.jpg,0.45368,0.521928,0.0243918
484.jpg,0.605522,0.264675,0.129803
485.jpg,0.00349458,0.0371501,0.959355
486.jpg,0.137306,0.6836,0.179094
487.jpg,0.43375,0.518855,0.0473948
488.jpg,0.0314125,0.848591,0.119996
489.jpg,0.285352,0.511272,0.203376
490.jpg,0.181497,0.702503,0.116
491.jpg,0.153592,0.454522,0.391886
492.jpg,0.7543,0.18305,0.0626504
493.jpg,0.340901,0.453868,0.205232
494.jpg,0.238138,0.546395,0.215466
495.jpg,0.124317,0.782502,0.093181
496.jpg,0.0222889,0.33633,0.641381
497.jpg,0.601101,0.314249,0.08465
498.jpg,0.220913,0.559291,0.219796
499.jpg,0.00592904,0.331662,0.662409
500.jpg,0.0683983,0.571375,0.360226
501.jpg,0.812682,0.176075,0.011243
502.jpg,0.133269,0.303254,0.563477
503.jpg,0.0303735,0.492112,0.477515
504.jpg,0.0155153,0.174729,0.809755
505.jpg,0.0584789,0.848497,0.093024
506.jpg,0.335947,0.624802,0.0392515
507.jpg,0.338928,0.584387,0.0766851
508.jpg,0.0532744,0.216554,0.730172
509.jpg,0.0813401,0.88693,0.0317296
510.jpg,0.0629391,0.289648,0.647412
511.jpg,0.0392217,0.142536,0.818243
