image_name,Type_1,Type_2,Type_3
0.jpg,0.00011447,0.999876,9.09736e-06
1.jpg,3.2942e-05,0.999666,0.000301409
2.jpg,0.968411,0.0315778,1.09537e-05
3.jpg,0.000466972,0.0732884,0.926245
4.jpg,5.9354e-08,0.0030606,0.996939
5.jpg,0.410663,0.586989,0.00234785
6.jpg,0.000184645,0.999032,0.000783453
7.jpg,1.7906e-05,0.213672,0.78631
8.jpg,0.000782973,0.890074,0.109143
9.jpg,0.000977058,0.995832,0.00319055
10.jpg,1.4068e-05,0.999986,6.53709e-08
11.jpg,9.66173e-06,0.0152669,0.984723
12.jpg,1.55461e-06,0.98936,0.010638
13.jpg,6.41895e-08,9.97035e-06,0.99999
14.jpg,1.48748e-07,0.999975,2.52578e-05
15.jpg,4.21342e-07,4.93197e-05,0.99995
16.jpg,0.000854563,0.982116,0.0170294
17.jpg,1.67082e-05,0.999039,0.000944651
18.jpg,1.83525e-05,0.999981,1.01463e-06
19.jpg,1.71969e-10,2.44386e-05,0.999976
20.jpg,0.954834,0.0450338,0.000132581
21.jpg,5.3581e-07,0.999996,3.36479e-06
22.jpg,2.45952e-05,0.999909,6.62726e-05
23.jpg,0.999462,0.000537145,1.01802e-06
24.jpg,0.962773,0.0365938,0.000633139
25.jpg,0.0164538,0.980441,0.00310518
26.jpg,0.00042363,0.999574,2.38463e-06
27.jpg,5.02622e-06,0.000240578,0.999754
28.jpg,1.05846e-05,0.999985,4.36467e-06
29.jpg,3.1477e-07,0.000691088,0.999309
30.jpg,0.795796,0.2042,4.21842e-06
31.jpg,0.000791468,0.999207,1.19626e-06
32.jpg,2.82712e-06,0.864194,0.135803
33.jpg,0.768178,0.159189,0.0726336
34.jpg,1.50845e-05,0.99937,0.000614824
35.jpg,1.71615e-05,0.000988586,0.998994
36.jpg,0.000946366,0.998961,9.27524e-05
37.jpg,0.000225635,0.999768,6.45714e-06
38.jpg,0.000612064,0.998367,0.00102056
39.jpg,0.231597,0.692236,0.0761672
40.jpg,9.45477e-08,1.86509e-05,0.999981
41.jpg,0.00019363,0.999705,0.000101171
42.jpg,5.95044e-05,0.999918,2.23104e-05
43.jpg,2.67189e-05,0.54622,0.453753
44.jpg,0.998942,0.000826345,0.000231431
45.jpg,0.0151376,0.304807,0.680055
46.jpg,0.896539,0.0964328,0.00702804
47.jpg,0.968741,0.027177,0.00408234
48.jpg,8.6808e-10,5.81361e-06,0.999994
49.jpg,2.75354e-09,8.50991e-07,0.999999
50.jpg,1.05007e-05,0.00517767,0.994812
51.jpg,0.999956,4.42908e-05,8.02485e-08
52.jpg,1.71841e-06,0.000289229,0.999709
53.jpg,0.01134,0.923353,0.0653071
54.jpg,2.42739e-07,0.139067,0.860933
55.jpg,1.15052e-06,3.53049e-05,0.999964
56.jpg,2.11238e-07,0.9992,0.000800221
57.jpg,0.267781,0.73154,0.000679063
58.jpg,1.38207e-05,0.999974,1.18648e-05
59.jpg,0.800936,0.19772,0.00134389
60.jpg,0.00689251,0.408476,0.584632
61.jpg,0.000271234,0.998899,0.000829734
62.jpg,1.22879e-09,0.00223672,0.997763
63.jpg,0.0452186,0.954584,0.000197523
64.jpg,0.000246421,0.999753,6.34178e-07
65.jpg,0.99242,0.00757944,6.57749e-07
66.jpg,2.06392e-06,6.90754e-05,0.999929
67.jpg,6.80173e-07,1.35653e-05,0.999986
68.jpg,0.0261712,0.0199196,0.953909
69.jpg,2.65856e-05,0.000198211,0.999775
70.jpg,0.38688,0.589903,0.0232165
71.jpg,0.000239855,0.861743,0.138018
72.jpg,0.0377422,0.962108,0.000150179
73.jpg,0.989056,0.00983711,0.0011072
74.jpg,9.33042e-08,6.4693e-05,0.999935
75.jpg,0.713865,0.286043,9.19504e-05
76.jpg,1.04846e-11,3.00986e-08,1.0
77.jpg,0.0042248,0.995774,1.37562e-06
78.jpg,7.78095e-10,2.30492e-06,0.999998
79.jpg,0.940159,0.0598244,1.64242e-05
80.jpg,0.0409846,0.955058,0.00395771
81.jpg,6.68728e-06,0.999873,0.000119925
82.jpg,0.00821311,0.991731,5.58184e-05
83.jpg,0.000561969,0.000375604,0.999062
84.jpg,0.998276,0.00172295,6.46884e-07
85.jpg,0.000123853,0.999875,9.31521e-07
86.jpg,1.52382e-07,0.00342311,0.996577
87.jpg,1.10691e-06,0.000220949,0.999778
88.jpg,0.000562419,0.992365,0.00707245
89.jpg,3.60706e-05,5.34699e-05,0.99991
90.jpg,0.941274,0.0587099,1.58896e-05
91.jpg,0.00822975,0.991765,5.65211e-06
92.jpg,7.63594e-09,4.57201e-06,0.999995
93.jpg,7.66594e-05,0.999885,3.80255e-05
94.jpg,0.000559026,0.999431,1.00968e-05
95.jpg,2.15767e-05,0.999978,2.26583e-07
96.jpg,0.989305,0.00976326,0.000931652
97.jpg,7.36584e-05,0.000214923,0.999711
98.jpg,6.14931e-05,0.999938,1.52014e-07
99.jpg,3.68778e-06,4.61472e-05,0.99995
100.jpg,0.101369,0.898406,0.000224788
101.jpg,0.0134296,0.986569,1.22738e-06
102.jpg,1.11813e-05,0.999186,0.000802499
103.jpg,0.00157028,0.986927,0.0115027
104.jpg,0.0157305,0.968226,0.0160433
105.jpg,0.000211291,0.998944,0.000844862
106.jpg,0.0420812,0.95762,0.000298847
107.jpg,6.27071e-06,0.976012,0.023982
108.jpg,6.66748e-09,0.0282446,0.971755
109.jpg,9.53101e-08,0.00202367,0.997976
110.jpg,0.000220702,0.999764,1.50867e-05
111.jpg,0.834966,0.0267412,0.138293
112.jpg,3.66713e-08,0.000403777,0.999596
113.jpg,6.18703e-06,0.196263,0.803731
114.jpg,0.00027587,0.995177,0.00454668
115.jpg,1.86152e-06,0.999998,3.40946e-07
116.jpg,0.00566744,0.799428,0.194904
117.jpg,1.69348e-06,0.999995,3.20165e-06
118.jpg,2.46331e-06,0.000723108,0.999274
119.jpg,9.07124e-05,0.999473,0.0004366
120.jpg,0.000355303,0.999644,1.2014e-06
121.jpg,4.04206e-07,0.999961,3.87219e-05
122.jpg,4.31888e-09,1.11446e-05,0.999989
123.jpg,0.795666,0.204255,7.97233e-05
124.jpg,6.87101e-07,2.64244e-05,0.999973
125.jpg,1.70485e-05,0.957458,0.0425245
126.jpg,2.2579e-07,1.0,2.48189e-07
127.jpg,0.000334077,0.997405,0.00226083
128.jpg,5.44821e-07,0.999999,5.69195e-08
129.jpg,0.0010653,0.996846,0.00208891
130.jpg,0.000592166,0.999184,0.000224224
131.jpg,3.07365e-08,2.90061e-05,0.999971
132.jpg,1.98784e-05,0.000778006,0.999202
133.jpg,5.4727e-10,6.41988e-06,0.999994
134.jpg,2.43808e-07,1.0,2.27519e-08
135.jpg,8.60008e-05,0.99664,0.00327448
136.jpg,5.93125e-08,1.0,2.4044e-10
137.jpg,0.00144776,0.983736,0.0148158
138.jpg,1.0516e-06,0.999945,5.39428e-05
139.jpg,0.000302794,0.997789,0.00190869
140.jpg,0.000364337,0.998905,0.00073096
141.jpg,0.00311934,0.245642,0.751239
142.jpg,0.957128,0.0427822,9.00126e-05
143.jpg,0.000111381,0.000853291,0.999035
144.jpg,0.000373021,0.999523,0.000103528
145.jpg,1.32409e-08,8.85652e-06,0.999991
146.jpg,3.16071e-08,0.999996,4.46791e-06
147.jpg,8.98737e-07,0.999999,1.6777e-08
148.jpg,0.0287483,0.971199,5.23167e-05
149.jpg,0.00136473,0.991013,0.00762187
150.jpg,0.998604,0.00139329,2.30838e-06
151.jpg,2.2714e-07,5.38331e-06,0.999994
152.jpg,4.33786e-07,0.999998,1.08843e-06
153.jpg,1.86025e-08,0.0213131,0.978687
154.jpg,0.9996,0.000399462,2.68274e-07
155.jpg,6.26991e-05,0.0362142,0.963723
156.jpg,4.26864e-05,0.9996,0.000357018
157.jpg,8.73394e-06,0.000244547,0.999747
158.jpg,0.000296473,0.0774036,0.9223
159.jpg,0.00212616,0.997663,0.000211078
160.jpg,0.00011366,0.999821,6.50192e-05
161.jpg,0.000104567,0.999804,9.16727e-05
162.jpg,0.000463201,0.99949,4.6331e-05
163.jpg,0.000101518,0.987218,0.0126807
164.jpg,7.81867e-05,0.999917,4.98416e-06
165.jpg,0.999991,7.59841e-06,1.08115e-06
166.jpg,0.729611,0.270138,0.000250688
167.jpg,6.15461e-07,0.63055,0.36945
168.jpg,0.0226672,0.0389743,0.938358
169.jpg,0.000511759,0.98472,0.0147682
170.jpg,1.06936e-05,0.999989,1.8376e-07
171.jpg,7.66962e-06,0.043912,0.95608
172.jpg,0.000321329,0.999466,0.000212414
173.jpg,0.80158,0.151592,0.0468283
174.jpg,0.00113983,0.976137,0.0227232
175.jpg,5.57654e-09,1.8052e-06,0.999998
176.jpg,5.44804e-06,0.988355,0.0116391
177.jpg,0.0327675,0.967218,1.48066e-05
178.jpg,4.42027e-06,0.00610716,0.993888
179.jpg,4.19113e-05,0.999958,1.23121e-07
180.jpg,6.77676e-05,0.0024967,0.997436
181.jpg,0.00232347,0.997407,0.000269067
182.jpg,3.5659e-08,0.000154887,0.999845
183.jpg,0.158061,0.839214,0.00272536
184.jpg,0.00543129,0.452556,0.542012
185.jpg,0.0220029,0.0217593,0.956238
186.jpg,5.50167e-05,0.999943,1.78262e-06
187.jpg,3.27083e-08,0.0405781,0.959422
188.jpg,5.80535e-05,0.999508,0.000434304
189.jpg,6.59441e-06,0.00146244,0.998531
190.jpg,1.95708e-05,0.971179,0.0288017
191.jpg,0.00145283,0.939551,0.0589958
192.jpg,1.75272e-06,0.130157,0.869841
193.jpg,0.998657,0.00134294,9.602e-08
194.jpg,0.000201025,0.972304,0.0274953
195.jpg,0.941352,0.0584539,0.000193885
196.jpg,0.9917,0.00824917,5.04988e-05
197.jpg,0.000673948,0.999213,0.000113091
198.jpg,6.56081e-08,0.000189153,0.999811
199.jpg,4.54535e-08,0.0244339,0.975566
200.jpg,0.000170975,0.998379,0.0014501
201.jpg,1.22056e-05,0.990581,0.00940667
202.jpg,1.83306e-05,0.999973,8.5105e-06
203.jpg,3.01985e-05,0.999948,2.15619e-05
204.jpg,2.72631e-05,0.154171,0.845801
205.jpg,0.0007448,0.00223939,0.997016
206.jpg,0.000632602,0.998849,0.000518446
207.jpg,0.000229612,0.00204896,0.997721
208.jpg,8.04944e-06,0.0524101,0.947582
209.jpg,3.39007e-05,1.77598e-05,0.999948
210.jpg,0.0348852,0.00932921,0.955786
211.jpg,0.000556359,0.603211,0.396233
212.jpg,6.42459e-05,0.352273,0.647663
213.jpg,0.000184157,0.000652429,0.999163
214.jpg,0.000260203,0.999079,0.000660856
215.jpg,0.00226308,0.997719,1.75127e-05
216.jpg,0.00489816,0.934989,0.0601127
217.jpg,0.000114007,0.999886,9.1554e-08
218.jpg,1.65871e-05,0.999972,1.16501e-05
219.jpg,0.00250298,0.997323,0.000173913
220.jpg,4.62498e-06,0.999995,2.74144e-08
221.jpg,9.28453e-05,0.0014242,0.998483
222.jpg,3.46956e-05,0.027089,0.972876
223.jpg,5.20487e-10,2.83772e-07,1.0
224.jpg,5.39739e-08,0.856131,0.143869
225.jpg,6.66581e-06,0.997368,0.00262563
226.jpg,9.17608e-06,0.999973,1.76618e-05
227.jpg,0.0257303,0.602605,0.371665
228.jpg,1.31043e-07,1.0,3.01442e-08
229.jpg,0.001338,0.998649,1.29883e-05
230.jpg,1.06208e-06,0.99999,9.38209e-06
231.jpg,0.999623,0.00034676,3.01142e-05
232.jpg,0.997671,0.00232735,1.14894e-06
233.jpg,0.000819709,0.999178,2.22033e-06
234.jpg,0.0169655,0.00115976,0.981875
235.jpg,0.000985196,0.99896,5.42882e-05
236.jpg,4.39158e-06,0.862927,0.137069
237.jpg,5.65223e-06,0.999904,9.08202e-05
238.jpg,2.63957e-08,0.00059396,0.999406
239.jpg,2.23535e-07,0.999998,2.05032e-06
240.jpg,1.40968e-06,2.21342e-05,0.999976
241.jpg,0.000182052,0.89503,0.104788
242.jpg,8.93589e-05,0.996569,0.00334182
243.jpg,6.8085e-05,0.999918,1.44273e-05
244.jpg,3.64838e-07,2.95862e-05,0.99997
245.jpg,0.0101888,0.986793,0.00301783
246.jpg,0.00217552,0.997824,2.21595e-07
247.jpg,0.000510083,0.998887,0.000602935
248.jpg,0.986922,0.00999155,0.00308646
249.jpg,0.954519,0.0404461,0.00503452
250.jpg,0.000511817,0.990986,0.00850183
251.jpg,0.568395,0.431097,0.000508554
252.jpg,0.00282265,0.235706,0.761471
253.jpg,3.51484e-06,0.0023146,0.997682
254.jpg,8.14772e-06,1.76526e-05,0.999974
255.jpg,0.00943353,0.98385,0.00671619
256.jpg,3.80789e-07,3.45697e-05,0.999965
257.jpg,5.66126e-06,0.999994,3.26688e-07
258.jpg,2.51073e-08,0.00202095,0.997979
259.jpg,0.00256449,0.0166968,0.980739
260.jpg,0.976459,0.0231921,0.000349288
261.jpg,0.0763806,0.10327,0.82035
262.jpg,0.000102253,0.999882,1.56296e-05
263.jpg,3.91761e-07,0.999977,2.21249e-05
264.jpg,0.619569,0.0556561,0.324774
265.jpg,1.8687e-05,0.000216332,0.999765
266.jpg,1.07321e-05,0.000112899,0.999876
267.jpg,5.4098e-07,0.999997,2.06953e-06
268.jpg,0.949894,0.050034,7.16919e-05
269.jpg,0.623305,0.37669,4.56848e-06
270.jpg,3.77111e-09,1.85487e-05,0.999981
271.jpg,3.39009e-06,0.999897,9.96162e-05
272.jpg,6.997e-08,1.00828e-05,0.99999
273.jpg,7.09455e-08,0.00031313,0.999687
274.jpg,3.22373e-05,0.999968,1.29295e-07
275.jpg,1.68865e-06,1.99736e-06,0.999996
276.jpg,0.000506106,0.835637,0.163857
277.jpg,6.58398e-06,0.99999,3.8083e-06
278.jpg,2.14038e-05,0.00178572,0.998193
279.jpg,1.89853e-06,0.000149451,0.999849
280.jpg,7.94174e-07,0.999918,8.13842e-05
281.jpg,0.000234867,0.999101,0.000664149
282.jpg,4.22867e-07,0.998013,0.00198618
283.jpg,0.00838705,0.193893,0.79772
284.jpg,3.06121e-05,0.00129557,0.998674
285.jpg,5.27345e-05,0.999947,1.07479e-09
286.jpg,7.02911e-05,0.999915,1.43603e-05
287.jpg,1.59594e-05,0.443431,0.556553
288.jpg,4.6613e-06,1.37377e-05,0.999982
289.jpg,0.999967,3.30491e-05,6.03653e-08
290.jpg,7.0001e-05,0.999757,0.000173266
291.jpg,0.174359,0.481275,0.344366
292.jpg,6.57705e-07,0.99999,9.6179e-06
293.jpg,0.995787,0.00400231,0.000210558
294.jpg,0.0096414,0.802977,0.187381
295.jpg,1.13597e-05,0.999988,1.62149e-07
296.jpg,0.000542983,0.998583,0.000873507
297.jpg,0.00211965,0.997862,1.83159e-05
298.jpg,2.19704e-07,3.32091e-05,0.999967
299.jpg,0.342758,0.651764,0.00547776
300.jpg,0.00013241,0.999863,4.22654e-06
301.jpg,1.99443e-05,0.0132474,0.986733
302.jpg,0.000305838,0.999675,1.91557e-05
303.jpg,0.999772,0.000212,1.63796e-05
304.jpg,0.0368985,0.954571,0.00853023
305.jpg,5.60348e-05,0.967833,0.0321108
306.jpg,1.27666e-05,0.0221561,0.977831
307.jpg,8.0007e-06,0.0117579,0.988234
308.jpg,0.99428,0.00571804,2.4442e-06
309.jpg,4.16788e-06,7.03702e-05,0.999925
310.jpg,0.00170493,0.546758,0.451537
311.jpg,5.46172e-10,1.94514e-07,1.0
312.jpg,0.999374,0.000327267,0.000298691
313.jpg,6.90833e-07,0.999966,3.36191e-05
314.jpg,0.00574899,0.993059,0.00119169
315.jpg,0.000639428,0.999345,1.57157e-05
316.jpg,0.994028,0.00596706,4.66088e-06
317.jpg,0.99279,0.00687113,0.000339202
318.jpg,0.00194103,0.998057,1.45521e-06
319.jpg,3.76406e-08,0.999998,2.40227e-06
320.jpg,0.00250234,0.997497,5.20871e-07
321.jpg,0.00139018,0.952908,0.045702
322.jpg,0.000356154,0.183958,0.815686
323.jpg,0.00181526,0.00400721,0.994178
324.jpg,0.000126367,0.99936,0.00051378
325.jpg,8.94076e-06,0.000569516,0.999422
326.jpg,1.39518e-09,8.43842e-06,0.999992
327.jpg,3.25296e-05,0.97682,0.0231472
328.jpg,0.0559125,0.804429,0.139658
329.jpg,5.96356e-07,2.21302e-05,0.999977
330.jpg,0.99248,0.00749772,2.26531e-05
331.jpg,0.999662,0.000337631,5.40091e-07
332.jpg,6.54875e-05,0.894611,0.105323
333.jpg,9.41768e-09,7.76501e-06,0.999992
334.jpg,7.2621e-11,2.349e-06,0.999998
335.jpg,1.7034e-07,7.80593e-05,0.999922
336.jpg,0.000647053,0.999315,3.80382e-05
337.jpg,0.00144053,0.996275,0.00228467
338.jpg,0.000430394,0.999149,0.000420202
339.jpg,2.64552e-08,5.72818e-06,0.999994
340.jpg,1.43433e-06,0.999594,0.000404532
341.jpg,0.000549758,0.999424,2.62682e-05
342.jpg,0.0127788,0.98302,0.00420085
343.jpg,6.77356e-09,1.38143e-06,0.999999
344.jpg,0.999564,0.000424539,1.17253e-05
345.jpg,0.810832,0.189117,5.11125e-05
346.jpg,1.96069e-06,0.999998,4.01984e-07
347.jpg,5.64459e-08,1.0,4.02831e-09
348.jpg,0.00305094,0.989811,0.0071376
349.jpg,1.37571e-07,0.999757,0.000243281
350.jpg,1.08038e-06,0.999984,1.48165e-05
351.jpg,0.00267189,0.894224,0.103104
352.jpg,1.31349e-05,0.953133,0.0468534
353.jpg,5.67757e-10,2.5048e-06,0.999997
354.jpg,0.000355872,0.999642,2.06758e-06
355.jpg,0.999989,1.12067e-05,3.26108e-09
356.jpg,0.999813,0.000186661,8.05953e-07
357.jpg,2.39381e-05,0.996738,0.00323832
358.jpg,9.6234e-05,0.983225,0.0166792
359.jpg,2.20882e-07,0.000369093,0.999631
360.jpg,3.28361e-06,0.999966,3.1103e-05
361.jpg,0.00202611,0.997746,0.000227939
362.jpg,4.18175e-07,0.999998,1.3099e-06
363.jpg,0.00430311,0.995158,0.000538478
364.jpg,4.55138e-08,0.0634934,0.936507
365.jpg,0.000166435,0.999825,8.82564e-06
366.jpg,3.96305e-05,0.000317125,0.999643
367.jpg,0.751093,0.248794,0.000113274
368.jpg,0.000170533,0.00967088,0.990159
369.jpg,3.98443e-05,0.999955,5.62186e-06
370.jpg,0.00140965,0.954213,0.0443776
371.jpg,0.97323,0.0229046,0.00386564
372.jpg,1.00878e-05,0.000913324,0.999077
373.jpg,0.0971811,0.530999,0.37182
374.jpg,0.00164031,0.51056,0.4878
375.jpg,8.1792e-05,0.998337,0.00158156
376.jpg,5.35683e-06,0.00454091,0.995454
377.jpg,6.07218e-05,0.999938,1.20988e-06
378.jpg,0.0012741,0.998624,0.000101629
379.jpg,2.81191e-06,0.000102369,0.999895
380.jpg,2.09989e-07,6.03656e-05,0.999939
381.jpg,3.14219e-06,0.999895,0.00010161
382.jpg,0.997183,0.00281722,2.16391e-07
383.jpg,0.00336929,0.996631,3.26809e-08
384.jpg,8.23606e-06,0.922198,0.0777936
385.jpg,1.74669e-05,0.999842,0.000141037
386.jpg,5.33973e-11,1.29255e-08,1.0
387.jpg,3.96164e-06,0.0366192,0.963377
388.jpg,1.67327e-06,0.999972,2.65682e-05
389.jpg,0.00847392,0.991512,1.45404e-05
390.jpg,0.0154768,0.984467,5.61078e-05
391.jpg,1.86907e-06,0.0502038,0.949794
392.jpg,0.0894508,0.90934,0.00120962
393.jpg,9.24937e-07,2.36157e-06,0.999997
394.jpg,0.000392447,0.998888,0.00071912
395.jpg,0.998397,0.0015916,1.16897e-05
396.jpg,1.34712e-05,0.99996,2.64594e-05
397.jpg,0.000786091,0.99914,7.34973e-05
398.jpg,1.5084e-05,0.913093,0.0868924
399.jpg,0.000144584,0.99944,0.000415086
400.jpg,7.40631e-06,0.412933,0.587059
401.jpg,0.00734633,0.0425315,0.950122
402.jpg,0.9951,0.00489957,4.46283e-08
403.jpg,1.48443e-05,0.999473,0.000511992
404.jpg,0.00983177,0.990167,1.29258e-06
405.jpg,1.19395e-05,0.999987,8.90552e-07
406.jpg,0.987104,0.0128733,2.30679e-05
407.jpg,7.71903e-06,0.999985,7.06402e-06
408.jpg,2.72756e-05,0.971184,0.0287891
409.jpg,9.24259e-08,5.426e-06,0.999994
410.jpg,1.16766e-06,0.97997,0.0200286
411.jpg,0.0113157,0.988351,0.000333715
412.jpg,1.25373e-06,0.037945,0.962054
413.jpg,1.20874e-05,0.999456,0.000531942
414.jpg,1.40569e-05,3.70334e-05,0.999949
415.jpg,0.998739,0.00126088,1.33624e-07
416.jpg,0.998615,0.00117544,0.000209908
417.jpg,0.00249459,0.997505,4.75612e-07
418.jpg,9.41231e-09,1.58051e-05,0.999984
419.jpg,0.753324,0.240599,0.0060772
420.jpg,5.78071e-08,0.999223,0.000776557
421.jpg,1.36111e-06,0.999992,6.25457e-06
422.jpg,0.0010318,0.0322772,0.966691
423.jpg,6.42869e-06,0.00257987,0.997414
424.jpg,0.850799,0.145774,0.00342715
425.jpg,1.29577e-07,1.03272e-05,0.99999
426.jpg,5.21014e-06,0.00516563,0.994829
427.jpg,0.00196009,0.0573001,0.94074
428.jpg,7.88647e-08,1.98464e-05,0.99998
429.jpg,6.41605e-07,0.000267926,0.999731
430.jpg,0.61002,0.271898,0.118082
431.jpg,0.973143,0.0268549,1.65658e-06
432.jpg,1.82206e-08,3.4973e-06,0.999996
433.jpg,0.00109966,0.0342987,0.964602
434.jpg,0.000162774,0.999837,6.83649e-07
435.jpg,9.09838e-08,8.11617e-05,0.999919
436.jpg,1.71182e-06,0.999997,1.30876e-06
437.jpg,0.000681103,0.998433,0.000886057
438.jpg,1.76502e-07,1.0,1.37046e-08
439.jpg,0.00129688,0.984873,0.0138305
440.jpg,8.23844e-09,6.28387e-07,0.999999
441.jpg,0.00174763,0.984114,0.0141381
442.jpg,0.028869,0.970474,0.000656766
443.jpg,0.000127309,0.999822,5.07967e-05
444.jpg,2.73927e-05,0.999771,0.000201935
445.jpg,0.968494,0.0285271,0.00297848
446.jpg,4.24008e-05,0.370632,0.629326
447.jpg,1.90919e-05,0.999978,2.9612e-06
448.jpg,0.000100209,0.987009,0.0128913
449.jpg,0.661016,0.338301,0.000683271
450.jpg,2.71135e-06,0.99954,0.000457226
451.jpg,1.60442e-05,0.999978,6.23402e-06
452.jpg,4.30865e-10,0.00100474,0.998995
453.jpg,0.989332,0.010614,5.43495e-05
454.jpg,8.60546e-06,0.999984,7.20195e-06
455.jpg,2.21166e-08,0.000137,0.999863
456.jpg,0.00248039,0.997266,0.000253808
457.jpg,0.989366,0.0106315,2.52014e-06
458.jpg,0.393944,0.605754,0.000301573
459.jpg,1.99368e-08,0.999966,3.4441e-05
460.jpg,0.991047,0.00626443,0.00268865
461.jpg,0.000107849,0.248815,0.751077
462.jpg,0.00197587,0.00569404,0.99233
463.jpg,0.000102923,0.0487018,0.951195
464.jpg,0.0254881,0.974498,1.38629e-05
465.jpg,0.00023675,0.999749,1.41318e-05
466.jpg,6.1164e-05,0.999756,0.00018311
467.jpg,0.99568,0.000523123,0.00379701
468.jpg,0.000503443,0.992019,0.00747718
469.jpg,3.76502e-05,0.192266,0.807696
470.jpg,0.45178,0.509881,0.0383384
471.jpg,0.0559779,0.944005,1.69833e-05
472.jpg,0.659973,0.337232,0.00279477
473.jpg,0.00244001,0.997092,0.000467742
474.jpg,0.0909366,0.882599,0.026464
475.jpg,0.000187276,0.999801,1.21124e-05
476.jpg,0.000402897,0.614086,0.385511
477.jpg,0.999463,0.000535192,1.39465e-06
478.jpg,0.0655438,0.932458,0.00199824
479.jpg,5.382e-09,1.95959e-06,0.999998
480.jpg,0.00165385,0.478402,0.519944
481.jpg,6.70207e-08,0.00392857,0.996071
482.jpg,0.99512,0.00488037,5.35373e-09
483.jpg,0.000559426,0.999436,4.66209e-06
484.jpg,2.27752e-07,4.54661e-05,0.999954
485.jpg,2.53755e-07,3.39831e-05,0.999966
486.jpg,0.000280534,0.990737,0.00898214
487.jpg,7.28628e-06,0.999992,1.06367e-06
488.jpg,0.0858296,0.714987,0.199183
489.jpg,0.998965,0.00100205,3.32642e-05
490.jpg,2.89694e-06,0.926981,0.0730156
491.jpg,3.01192e-07,6.84373e-05,0.999931
492.jpg,0.422169,0.577183,0.000648015
493.jpg,0.00204686,0.997465,0.000488479
494.jpg,7.2178e-05,0.981788,0.0181402
495.jpg,8.225e-05,0.999899,1.88551e-05
496.jpg,1.53906e-07,2.59139e-05,0.999974
497.jpg,0.0450984,0.954902,1.08734e-07
498.jpg,0.0198717,0.960573,0.0195555
499.jpg,2.2189e-09,8.15551e-06,0.999992
500.jpg,0.00030078,0.998127,0.00157236
501.jpg,0.0741027,0.925845,5.20505e-05
502.jpg,4.99213e-07,2.11377e-05,0.999978
503.jpg,1.93917e-07,0.999389,0.000611138
504.jpg,5.42395e-07,0.000421899,0.999578
505.jpg,0.000167012,0.999833,7.26399e-08
506.jpg,3.03884e-05,0.999969,8.98698e-07
507.jpg,0.00155275,0.720064,0.278383
508.jpg,3.10316e-08,0.999991,8.57384e-06
509.jpg,0.0051413,0.994733,0.000125337
510.jpg,0.000301245,0.995639,0.00405953
511.jpg,0.000229884,0.00513411,0.994636
10000.jpg,1.31173e-05,0.999987,2.04666e-07
10001.jpg,0.0703939,0.929468,0.00013813
10002.jpg,0.0347353,0.80644,0.158825
10003.jpg,0.241787,0.758209,3.98115e-06
10004.jpg,0.00322527,0.996772,2.71892e-06
10005.jpg,0.000209803,0.842141,0.157649
10006.jpg,0.000409205,0.999496,9.43721e-05
10007.jpg,0.54973,0.450121,0.000148712
10008.jpg,4.18996e-05,0.99944,0.000518402
10009.jpg,0.736023,0.263914,6.27832e-05
10010.jpg,1.77532e-05,0.00249852,0.997484
10011.jpg,8.70591e-05,0.00121389,0.998699
10012.jpg,0.0452401,0.954512,0.000247486
10013.jpg,0.126064,0.864285,0.009651
10014.jpg,0.016657,0.983171,0.000171742
10015.jpg,2.12865e-07,3.89801e-07,0.999999
10016.jpg,3.22289e-05,0.999826,0.000142128
10017.jpg,1.68866e-06,0.999971,2.71698e-05
10018.jpg,2.5631e-05,0.800708,0.199266
10019.jpg,6.18933e-05,0.999841,9.74274e-05
10020.jpg,0.00198152,0.633248,0.364771
10021.jpg,3.76169e-06,4.72203e-05,0.999949
10022.jpg,0.00250749,0.363902,0.633591
10023.jpg,0.978586,0.0213947,1.97419e-05
10024.jpg,2.37076e-06,0.00115539,0.998842
10025.jpg,0.000670923,0.923933,0.0753958
10026.jpg,0.00086773,0.998311,0.00082143
10027.jpg,2.69053e-05,0.999973,5.7773e-07
10028.jpg,0.000526161,0.0387159,0.960758
10029.jpg,0.00598929,0.98948,0.00453077
10030.jpg,6.51574e-08,0.000255862,0.999744
10031.jpg,0.00378441,0.992996,0.00321984
10032.jpg,0.000166732,0.962933,0.0369007
10033.jpg,0.00754225,0.992363,9.43959e-05
10034.jpg,0.00140012,0.998596,3.78992e-06
10035.jpg,0.00997067,0.988537,0.00149236
10036.jpg,0.000128403,0.998892,0.000979514
10037.jpg,0.000482249,0.999317,0.000200992
10038.jpg,0.000786042,0.99795,0.00126427
10039.jpg,0.999997,2.48984e-06,1.13866e-09
10040.jpg,0.00256735,0.996494,0.000938939
10041.jpg,0.000284821,0.999171,0.000544629
10042.jpg,2.70462e-07,0.00885957,0.99114
10043.jpg,2.41464e-07,0.999991,8.39681e-06
10044.jpg,0.00712679,0.962169,0.0307038
10045.jpg,0.0284959,0.968889,0.00261545
10046.jpg,0.0116914,0.98823,7.82199e-05
10047.jpg,0.734918,0.264395,0.000686871
10048.jpg,7.81343e-08,1.05821e-05,0.999989
10049.jpg,1.87206e-06,0.0433134,0.956685
10050.jpg,1.42313e-06,0.999974,2.49688e-05
10051.jpg,7.48574e-06,0.0427751,0.957217
10052.jpg,0.00548556,0.991067,0.00344757
10053.jpg,6.23548e-08,5.24175e-05,0.999948
10054.jpg,0.000241915,0.0021204,0.997638
10055.jpg,3.50551e-05,0.00394709,0.996018
10056.jpg,5.69353e-08,1.0,3.58426e-09
10057.jpg,0.00106519,0.998866,6.87954e-05
10058.jpg,0.988312,0.0116091,7.86868e-05
10059.jpg,5.25601e-05,0.970897,0.02905
10060.jpg,0.995849,0.00415038,1.18182e-07
10061.jpg,0.0664873,0.933401,0.000111868
10062.jpg,0.00252722,0.0900189,0.907454
10063.jpg,1.08637e-05,0.999989,9.62765e-11
10064.jpg,5.99443e-05,0.99989,5.05046e-05
10065.jpg,0.041198,0.639543,0.319259
10066.jpg,5.37266e-10,4.55893e-06,0.999995
10067.jpg,0.213539,0.66045,0.126011
10068.jpg,0.000625207,0.000103181,0.999272
10069.jpg,0.977047,0.0229524,9.10119e-07
10070.jpg,0.00182585,0.996892,0.0012825
10071.jpg,0.00245159,0.987626,0.00992284
10072.jpg,0.0139154,0.96832,0.0177642
10073.jpg,0.00445533,0.99552,2.50905e-05
10074.jpg,0.000104385,0.999347,0.000548253
10075.jpg,0.215149,0.78485,1.43686e-06
10076.jpg,0.000155779,0.000301842,0.999542
10077.jpg,1.05048e-06,0.000753594,0.999245
10078.jpg,0.00384462,0.996155,1.51589e-08
10079.jpg,1.7639e-05,0.254257,0.745726
10080.jpg,0.00142052,0.955836,0.0427438
10081.jpg,0.900838,0.0991231,3.93192e-05
10082.jpg,3.74911e-05,0.999739,0.000223975
10083.jpg,1.42533e-09,4.03182e-06,0.999996
10084.jpg,4.98935e-06,0.0606107,0.939384
10085.jpg,0.000136817,0.999862,9.38298e-07
10086.jpg,1.90797e-06,0.999998,4.12231e-07
10087.jpg,5.707e-06,0.999994,3.42579e-07
10088.jpg,0.00178985,0.119944,0.878266
10089.jpg,5.76134e-05,0.967096,0.0328466
10090.jpg,0.00158495,0.942589,0.0558261
10091.jpg,0.0980321,0.861555,0.0404133
10092.jpg,0.000112511,0.26398,0.735908
10093.jpg,7.98183e-05,0.999772,0.0001478
10094.jpg,0.0141606,0.980301,0.00553789
10095.jpg,0.207623,0.350716,0.441661
10096.jpg,0.381788,0.618162,5.02954e-05
10097.jpg,0.982145,0.0178052,4.95563e-05
10098.jpg,0.00071983,0.999265,1.46938e-05
10099.jpg,6.19001e-05,0.999918,2.05354e-05
10100.jpg,1.50229e-05,0.999973,1.19076e-05
10101.jpg,0.00384273,0.995945,0.00021253
10102.jpg,0.00115981,0.941879,0.0569615
10103.jpg,1.01787e-09,2.24417e-05,0.999978
10104.jpg,6.75364e-05,0.176705,0.823228
10105.jpg,0.000543541,0.998078,0.00137879
10106.jpg,1.83882e-05,0.000313413,0.999668
10107.jpg,0.0148178,0.447191,0.537992
10108.jpg,5.85832e-05,0.999941,8.41962e-07
10109.jpg,1.77074e-05,0.153357,0.846626
10110.jpg,1.67073e-07,4.50503e-05,0.999955
10111.jpg,0.000395248,0.999602,2.76717e-06
10112.jpg,5.36641e-05,0.0173506,0.982596
10113.jpg,0.00282722,0.0125061,0.984667
10114.jpg,0.00257593,0.996477,0.000946639
10115.jpg,2.17346e-06,6.75074e-06,0.999991
10116.jpg,0.049873,0.946667,0.00345961
10117.jpg,0.362465,0.637504,3.09436e-05
10118.jpg,0.0813077,0.917309,0.00138302
10119.jpg,0.708946,0.0685377,0.222516
10120.jpg,0.330365,0.669633,2.11476e-06
10121.jpg,1.69945e-05,0.878537,0.121446
10122.jpg,0.044848,0.954723,0.000428884
10123.jpg,0.237025,0.7623,0.000675742
10124.jpg,0.00241992,0.997287,0.000292697
10125.jpg,4.11716e-06,0.99994,5.62669e-05
10126.jpg,9.05782e-06,0.942041,0.0579496
10127.jpg,0.00252525,0.250038,0.747437
10128.jpg,1.90416e-06,0.999998,7.04157e-09
10129.jpg,0.00780425,0.286309,0.705887
10130.jpg,0.00224679,0.997563,0.000190609
10131.jpg,0.000728297,0.999251,2.03558e-05
10132.jpg,0.987173,0.0128211,6.06123e-06
10133.jpg,1.42374e-06,0.999645,0.000353253
10134.jpg,4.34043e-08,0.000202145,0.999798
10135.jpg,3.70822e-10,1.94161e-07,1.0
10136.jpg,0.420593,0.249246,0.330161
10137.jpg,0.0664067,0.869606,0.0639877
10138.jpg,9.71002e-05,0.999857,4.55147e-05
10139.jpg,4.14984e-06,0.000517944,0.999478
10140.jpg,0.240952,0.741606,0.0174428
10141.jpg,0.0135932,0.986214,0.000192646
10142.jpg,0.0070355,0.992951,1.356e-05
10143.jpg,0.42273,0.49774,0.0795292
10144.jpg,5.25231e-08,0.999999,1.24748e-06
10145.jpg,0.000101838,0.999879,1.93836e-05
10146.jpg,0.242442,0.757466,9.16802e-05
10147.jpg,4.47838e-06,0.999991,4.20774e-06
10148.jpg,2.09631e-08,8.50395e-06,0.999991
10149.jpg,6.05627e-07,0.100266,0.899733
10150.jpg,9.87665e-05,0.999897,3.77707e-06
10151.jpg,4.31911e-07,0.999997,2.34128e-06
10152.jpg,1.29771e-08,0.000335817,0.999664
10153.jpg,2.55682e-05,0.0225203,0.977454
10154.jpg,0.991547,0.00841181,4.09976e-05
10155.jpg,2.10182e-05,0.999979,2.0835e-07
10156.jpg,0.000488833,0.999509,2.17334e-06
10157.jpg,0.990544,0.0094532,2.41105e-06
10158.jpg,0.0763336,0.923419,0.00024695
10159.jpg,0.0881196,0.91178,0.000100103
10160.jpg,7.56209e-05,0.198777,0.801147
10161.jpg,5.50199e-08,4.31391e-06,0.999996
10162.jpg,0.97175,0.00944747,0.0188022
10163.jpg,8.89063e-05,0.998737,0.00117368
10164.jpg,4.24229e-06,4.9484e-05,0.999946
10165.jpg,5.29795e-08,1.07199e-05,0.999989
10166.jpg,0.0773927,0.107623,0.814984
10167.jpg,7.39235e-05,0.0278939,0.972032
10168.jpg,7.43199e-07,0.998042,0.00195707
10169.jpg,0.953363,0.0465556,8.18451e-05
10170.jpg,2.38003e-08,8.50682e-07,0.999999
10171.jpg,0.0198395,0.305479,0.674681
10172.jpg,0.0521191,0.303472,0.644409
10173.jpg,0.361889,0.638035,7.65696e-05
10174.jpg,0.000113821,0.000469267,0.999417
10175.jpg,0.0299738,0.969591,0.000434825
10176.jpg,0.011785,0.987693,0.000522042
10177.jpg,1.43854e-06,0.999998,1.06561e-07
10178.jpg,0.965537,0.0338877,0.00057527
10179.jpg,1.5612e-08,2.28663e-06,0.999998
10180.jpg,0.427177,0.571396,0.00142732
10181.jpg,0.796584,0.156383,0.047033
10182.jpg,0.0020026,0.94626,0.0517371
10183.jpg,1.08348e-10,0.000111005,0.999889
10184.jpg,2.21827e-05,0.999977,4.4069e-07
10185.jpg,0.000818812,0.789916,0.209265
10186.jpg,0.101138,0.898803,5.93154e-05
10187.jpg,0.0259612,0.595965,0.378074
10188.jpg,4.09311e-06,0.0121625,0.987833
10189.jpg,1.72503e-08,2.98849e-05,0.99997
10190.jpg,0.93184,0.0680314,0.000128425
10191.jpg,0.511766,0.475125,0.0131085
10192.jpg,0.000264632,0.57288,0.426856
10193.jpg,0.999983,1.65027e-05,1.73179e-07
10194.jpg,1.50433e-05,0.999719,0.000266024
10195.jpg,2.11702e-07,0.000382553,0.999617
10196.jpg,0.00476558,0.427716,0.567518
10197.jpg,0.000159008,0.97776,0.0220814
10198.jpg,0.206925,0.793064,1.06108e-05
10199.jpg,0.845509,0.154443,4.78915e-05
10200.jpg,1.12451e-05,0.99995,3.89202e-05
10201.jpg,4.18037e-05,0.97176,0.0281986
10202.jpg,2.14812e-07,0.00176972,0.99823
10203.jpg,0.0239628,0.793894,0.182143
10204.jpg,8.85861e-07,0.999904,9.55211e-05
10205.jpg,0.00110555,0.133973,0.864922
10206.jpg,0.0510069,0.948991,1.63004e-06
10207.jpg,0.998895,0.00110383,9.83104e-07
10208.jpg,8.0385e-05,0.942099,0.0578207
10209.jpg,1.90714e-06,0.998554,0.00144368
10210.jpg,3.60328e-07,1.2567e-05,0.999987
10211.jpg,1.00997e-06,0.999999,2.98354e-09
10212.jpg,0.000284649,0.0196076,0.980108
10213.jpg,0.221082,0.648688,0.130229
10214.jpg,1.18327e-06,0.999999,1.91361e-07
10215.jpg,0.051849,0.302255,0.645896
10216.jpg,0.000759607,0.997443,0.0017969
10217.jpg,7.11076e-05,0.99971,0.000219264
10218.jpg,0.001079,0.998921,1.30363e-07
10219.jpg,0.999991,7.91844e-06,1.07894e-06
10220.jpg,5.99672e-06,0.999899,9.47636e-05
10221.jpg,0.9868,0.0131867,1.30023e-05
10222.jpg,6.84512e-06,1.48415e-05,0.999978
10223.jpg,2.82817e-06,0.000101527,0.999896
10224.jpg,1.87646e-05,0.791734,0.208248
10225.jpg,5.57502e-07,0.00692975,0.99307
10226.jpg,2.45551e-05,0.00422927,0.995746
10227.jpg,7.25118e-05,0.994167,0.00576025
10228.jpg,0.998498,0.00148683,1.50484e-05
10229.jpg,2.3946e-05,0.999548,0.000427706
10230.jpg,0.000525671,0.999465,9.79142e-06
10231.jpg,0.00182428,0.99521,0.00296538
10232.jpg,1.83953e-07,6.25873e-05,0.999937
10233.jpg,0.99999,1.00819e-05,1.59371e-08
10234.jpg,4.72782e-05,0.999743,0.000209637
10235.jpg,0.0829564,0.707309,0.209735
10236.jpg,0.00928584,0.0013346,0.98938
10237.jpg,3.34546e-08,6.85282e-05,0.999931
10238.jpg,8.85345e-07,0.999996,2.79059e-06
10239.jpg,0.00216785,0.923081,0.0747509
10240.jpg,1.24283e-06,0.999038,0.000960636
10241.jpg,0.00220554,0.992615,0.00517915
10242.jpg,0.00131487,0.00984816,0.988837
10243.jpg,0.995836,0.00416425,3.6633e-09
10244.jpg,0.000486327,0.127571,0.871942
10245.jpg,0.0286096,0.602702,0.368688
10246.jpg,0.000660931,0.999299,4.02168e-05
10247.jpg,0.00694837,0.992837,0.000215044
10248.jpg,7.45409e-08,0.000382628,0.999617
10249.jpg,1.40927e-07,0.99976,0.000240239
10250.jpg,2.88505e-08,0.0432578,0.956742
10251.jpg,0.000922697,0.154078,0.844999
10252.jpg,0.000218011,0.999504,0.000278226
10253.jpg,5.78725e-05,0.99994,2.04439e-06
10254.jpg,1.20249e-05,0.984446,0.0155424
10255.jpg,7.49365e-07,0.99983,0.000169066
10256.jpg,1.39645e-06,0.999038,0.000960123
10257.jpg,0.00949496,0.990188,0.000317223
10258.jpg,0.000346341,0.732152,0.267501
10259.jpg,1.93293e-07,1.73613e-05,0.999982
10260.jpg,0.0420375,0.0199068,0.938056
10261.jpg,0.748385,0.0793964,0.172219
10262.jpg,0.000194525,0.99943,0.000375303
10263.jpg,0.767109,0.047123,0.185768
10264.jpg,1.81264e-05,0.999982,3.66391e-07
10265.jpg,4.11419e-06,0.000423868,0.999572
10266.jpg,4.38844e-06,0.999993,2.76172e-06
10267.jpg,0.0315742,0.968425,9.70248e-07
10268.jpg,0.00348288,0.106761,0.889756
10269.jpg,0.070999,0.928977,2.43899e-05
10270.jpg,0.883604,0.116256,0.000140025
10271.jpg,4.46635e-05,0.999955,2.1443e-07
10272.jpg,1.04903e-05,0.960422,0.0395672
10273.jpg,0.000785527,0.999161,5.38254e-05
10274.jpg,0.999837,0.000163158,1.78604e-07
10275.jpg,0.950476,0.0495213,2.94383e-06
10276.jpg,0.000759065,0.99841,0.000831086
10277.jpg,0.985041,0.0116133,0.00334609
10278.jpg,0.986274,0.0124314,0.00129446
10279.jpg,6.28008e-07,0.99979,0.000209533
10280.jpg,0.00050545,0.999491,3.11588e-06
10281.jpg,0.611554,0.387843,0.000602739
10282.jpg,1.99222e-10,2.55712e-05,0.999974
10283.jpg,0.107535,0.888872,0.0035933
10284.jpg,6.55502e-07,0.000226904,0.999772
10285.jpg,1.54118e-10,1.29949e-07,1.0
10286.jpg,6.4488e-07,0.000108352,0.999891
10287.jpg,0.000125808,0.999851,2.3148e-05
10288.jpg,0.00176702,0.996743,0.00149023
10289.jpg,1.1625e-07,2.0578e-05,0.999979
10290.jpg,0.392578,0.0396047,0.567818
10291.jpg,0.000218231,0.999764,1.82278e-05
10292.jpg,3.96202e-05,0.0102414,0.989719
10293.jpg,0.982161,0.0177874,5.13196e-05
10294.jpg,2.34092e-05,0.462066,0.537911
10295.jpg,8.48789e-08,0.999996,4.26505e-06
10296.jpg,0.00141695,0.959896,0.038687
10297.jpg,7.17383e-06,0.999992,7.88439e-07
10298.jpg,0.00529358,0.994701,5.2423e-06
10299.jpg,1.70098e-06,0.999998,5.1946e-07
10300.jpg,0.0231282,0.97687,1.45942e-06
10301.jpg,0.00199824,0.0365997,0.961402
10302.jpg,4.36598e-08,0.0602919,0.939708
10303.jpg,5.10393e-07,7.73658e-05,0.999922
10304.jpg,0.000232938,0.00102082,0.998746
10305.jpg,5.87193e-05,0.999925,1.5977e-05
10306.jpg,0.039718,0.95568,0.00460212
10307.jpg,0.0618506,0.911885,0.0262647
10308.jpg,3.62695e-08,0.000156111,0.999844
10309.jpg,0.000393379,0.142623,0.856983
10310.jpg,0.000253129,0.897995,0.101752
10311.jpg,4.2065e-05,0.0176785,0.982279
10312.jpg,0.000153806,0.999846,6.48639e-08
10313.jpg,1.42886e-05,0.00144187,0.998544
10314.jpg,0.00120653,0.998786,7.07725e-06
10315.jpg,5.7269e-05,0.35864,0.641303
10316.jpg,3.87927e-06,0.996144,0.00385197
10317.jpg,0.00624985,0.912067,0.0816835
10318.jpg,5.35968e-06,0.00100309,0.998992
10319.jpg,0.000149421,0.98228,0.017571
10320.jpg,8.67927e-05,0.996837,0.00307651
10321.jpg,1.46993e-06,0.999916,8.25087e-05
10322.jpg,0.0123726,0.00343165,0.984196
10323.jpg,7.83288e-06,0.000993711,0.998998
10324.jpg,0.000268283,0.999451,0.00028041
10325.jpg,0.000465443,0.000789129,0.998745
10326.jpg,2.76525e-09,4.0577e-06,0.999996
10327.jpg,0.000215065,0.841435,0.15835
10328.jpg,1.77614e-05,0.99997,1.2145e-05
10329.jpg,0.00433795,0.995661,1.35618e-06
10330.jpg,4.02274e-07,0.999999,4.49919e-07
10331.jpg,0.406073,0.593754,0.000173217
10332.jpg,1.04752e-05,0.00241472,0.997575
10333.jpg,1.18654e-07,3.81975e-06,0.999996
10334.jpg,1.34145e-05,0.997811,0.00217591
10335.jpg,0.296923,0.665449,0.0376277
10336.jpg,0.0963846,0.899809,0.00380679
10337.jpg,0.000184328,0.99971,0.000105423
10338.jpg,0.181679,0.814756,0.00356494
10339.jpg,0.115057,0.753298,0.131645
10340.jpg,0.356156,0.61525,0.0285941
10341.jpg,0.0075302,0.00180832,0.990662
10342.jpg,0.188041,0.742411,0.0695473
10343.jpg,0.000694708,0.900095,0.0992103
10344.jpg,0.00357258,0.808585,0.187843
10345.jpg,1.67461e-06,8.02162e-06,0.99999
10346.jpg,5.63716e-08,0.000207667,0.999792
10347.jpg,5.83772e-05,0.999941,1.02345e-06
10348.jpg,5.75576e-05,0.00156482,0.998378
10349.jpg,0.00255667,0.996669,0.000774498
10350.jpg,1.18023e-07,0.00160594,0.998394
10351.jpg,7.50894e-05,0.843094,0.156831
10352.jpg,0.919471,0.078754,0.00177542
10353.jpg,0.000182978,0.00321842,0.996599
10354.jpg,0.000358778,0.993806,0.00583557
10355.jpg,0.957541,0.0344215,0.00803732
10356.jpg,4.63878e-08,2.20491e-06,0.999998
10357.jpg,0.879201,0.120789,9.55693e-06
10358.jpg,0.585213,0.412775,0.00201185
10359.jpg,0.00241411,0.997354,0.000232199
10360.jpg,0.0249739,0.495892,0.479134
10361.jpg,4.21917e-06,0.0140161,0.98598
10362.jpg,1.41689e-05,0.995972,0.00401393
10363.jpg,8.91781e-06,0.977681,0.0223106
10364.jpg,0.96197,0.0380261,3.5373e-06
10365.jpg,0.160186,0.826409,0.0134056
10366.jpg,5.21671e-06,0.000545131,0.99945
10367.jpg,0.0353107,0.956354,0.00833561
10368.jpg,0.848255,0.127892,0.0238528
10369.jpg,2.00718e-05,0.936324,0.0636559
10370.jpg,0.995665,0.00433446,7.41964e-07
10371.jpg,0.130995,0.869004,9.22679e-07
10372.jpg,1.54791e-07,1.0,1.44948e-08
10373.jpg,2.02627e-07,0.0037219,0.996278
10374.jpg,0.000231198,0.998595,0.00117338
10375.jpg,7.41201e-06,0.999901,9.18799e-05
10376.jpg,0.999797,0.000202618,1.32835e-07
10377.jpg,1.4462e-05,0.000483816,0.999502
10378.jpg,2.7928e-07,3.25506e-06,0.999996
10379.jpg,1.67894e-05,0.000503918,0.999479
10380.jpg,0.000210182,0.989264,0.0105259
10381.jpg,2.09334e-06,6.99948e-05,0.999928
10382.jpg,0.000282667,0.999717,1.20211e-07
10383.jpg,0.0141717,0.985817,1.10205e-05
10384.jpg,0.465859,0.533226,0.000915617
10385.jpg,0.999139,0.000838176,2.30345e-05
10386.jpg,8.37429e-09,6.33315e-07,0.999999
10387.jpg,0.00110019,0.997439,0.001461
10388.jpg,4.64722e-05,0.999954,2.74923e-08
10389.jpg,0.0191182,0.334122,0.64676
10390.jpg,0.06002,0.939963,1.67964e-05
10391.jpg,0.000413269,0.929359,0.0702281
10392.jpg,3.48319e-05,0.045749,0.954216
10393.jpg,6.81841e-11,5.45591e-08,1.0
10394.jpg,7.16911e-06,0.00318991,0.996803
10395.jpg,0.0329528,0.964384,0.00266354
10396.jpg,0.0104265,0.989573,1.56101e-07
10397.jpg,7.47825e-07,0.999999,4.97315e-07
10398.jpg,5.81172e-05,0.999942,1.55947e-07
10399.jpg,0.999624,0.000372393,3.49548e-06
10400.jpg,9.75621e-05,0.999896,6.89496e-06
10401.jpg,0.999935,6.4695e-05,1.42059e-07
10402.jpg,0.184262,0.814917,0.000821004
10403.jpg,9.38826e-08,0.953446,0.0465538
10404.jpg,0.0011545,0.0688107,0.930035
10405.jpg,0.161333,0.821539,0.0171288
10406.jpg,0.00545094,0.994488,6.12741e-05
10407.jpg,0.977105,0.0228946,9.0049e-07
10408.jpg,0.0123192,0.972946,0.0147349
10409.jpg,0.00211042,0.997871,1.81109e-05
10410.jpg,0.000696633,0.992119,0.00718425
10411.jpg,6.81222e-05,0.999679,0.00025246
10412.jpg,0.52137,0.477558,0.00107185
10413.jpg,0.000163278,0.0115255,0.988311
10414.jpg,0.0104187,0.0431384,0.946443
10415.jpg,8.30118e-06,0.999737,0.000254395
10416.jpg,8.03238e-07,6.52762e-06,0.999993
10417.jpg,0.00130518,0.998694,1.07465e-06
10418.jpg,5.35832e-08,0.999997,3.26493e-06
10419.jpg,2.94037e-07,0.999969,3.1097e-05
10420.jpg,0.998951,0.00104492,3.90682e-06
10421.jpg,0.00110575,0.998836,5.78132e-05
10422.jpg,0.000514677,0.999301,0.00018431
10423.jpg,8.3396e-06,0.999991,3.87248e-07
10424.jpg,6.62511e-11,4.74055e-06,0.999995
10425.jpg,0.00111824,0.998877,4.82601e-06
10426.jpg,5.1352e-05,0.786578,0.213371
10427.jpg,8.77191e-05,0.999886,2.59072e-05
10428.jpg,1.29849e-05,0.999983,4.48118e-06
10429.jpg,0.000464117,0.9995,3.56352e-05
10430.jpg,0.000229885,0.443016,0.556754
10431.jpg,0.896652,0.10325,9.74616e-05
10432.jpg,1.31151e-05,6.56357e-05,0.999921
10433.jpg,0.000722913,0.990131,0.00914639
10434.jpg,3.56358e-07,1.04798e-05,0.999989
10435.jpg,2.3076e-07,0.0967773,0.903222
10436.jpg,0.120629,0.876133,0.00323869
10437.jpg,0.000636403,0.860867,0.138496
10438.jpg,7.34459e-06,0.52603,0.473963
10439.jpg,6.86756e-06,0.998885,0.0011085
10440.jpg,3.59939e-07,0.000237159,0.999762
10441.jpg,5.15045e-05,0.999923,2.56763e-05
10442.jpg,4.81629e-05,0.766697,0.233255
10443.jpg,3.21399e-07,0.000711531,0.999288
10444.jpg,8.06096e-06,0.999991,5.4263e-07
10445.jpg,0.995152,0.00482975,1.79069e-05
10446.jpg,0.995556,0.00420626,0.000237873
10447.jpg,1.09548e-05,0.999973,1.6302e-05
10448.jpg,0.000514182,0.0361739,0.963312
10449.jpg,6.974e-05,0.00404654,0.995884
10450.jpg,0.0118184,0.98775,0.00043141
10451.jpg,0.501956,0.498042,2.16747e-06
10452.jpg,4.26364e-06,0.999017,0.000979012
10453.jpg,0.000346381,0.999653,3.52686e-07
10454.jpg,0.000128637,0.999871,1.65158e-07
10455.jpg,2.25946e-05,0.999954,2.38071e-05
10456.jpg,1.62751e-06,0.0113899,0.988608
10457.jpg,0.897219,0.0962177,0.00656369
10458.jpg,0.000162822,0.998938,0.000899333
10459.jpg,9.60172e-10,7.48523e-06,0.999992
10460.jpg,0.0214719,0.152394,0.826134
